-1 -1 -1 -1 -1 -1 -1 -1 -1 -1 -1 -1 -1 -1 -1 -1 -1 -1 -1 -1 -1 -1 -1 -1 -1 -1 -1 -1 -1 -1 -1 -1 -1 -1 -1 -1 -1 -1 -1 -1 -1 -1 
-1 -1 -1 -1 -1 -1 -1 -1 -1 -1 -1 -1 -1 -1 -1 -1 -1 -1 -1 -1 -1 -1 -1 -1 -1 -1 -1 -1 -1 -1 -1 -1 -1 -1 -1 -1 -1 -1 -1 -1 -1 -1 
-1 -1 -1 -1 -1 -1 -1 -1 -1 -1 -1 -1 -1 -1 -1 -1 -1 -1 -1 -1 -1 -1 -1 -1 -1 -1 -1 -1 -1 -1 -1 -1 -1 -1 -1 -1 -1 -1 -1 -1 -1 -1 
-1 -1 -1 -1 -1 -1 -1 -1 -1 -1 -1 -1 -1 -1 -1 -1 -1 -1 -1 -1 -1 -1 -1 -1 -1 -1 -1 -1 -1 -1 -1 -1 -1 -1 -1 -1 -1 -1 -1 -1 -1 -1 
-1 -1 -1 -1 -1 -1 -1 -1 -1 -1 -1 -1 -1 -1 -1 -1 -1 -1 -1 -1 -1 -1 -1 -1 -1 -1 -1 -1 -1 -1 -1 -1 -1 -1 -1 -1 -1 -1 -1 -1 -1 -1 
-1 -1 -1 -1 -1 -1 -1 -1 -1 -1 -1 -1 -1 -1 -1 -1 -1 -1 -1 -1 -1 -1 -1 -1 -1 -1 -1 -1 -1 -1 -1 -1 -1 -1 -1 -1 -1 -1 -1 -1 -1 -1 
-1 -1 -1 -1 -1 -1 -1 -1 -1 -1 -1 -1 -1 -1 -1 -1 -1 -1 -1 -1 -1 -1 -1 -1 -1 -1 -1 -1 -1 -1 -1 -1 -1 -1 -1 -1 -1 -1 -1 -1 -1 -1 
-1 -1 -1 -1 -1 -1 -1 -1 -1 -1 -1 -1 -1 -1 -1 -1 -1 -1 -1 -1 -1 -1 -1 -1 -1 -1 -1 -1 -1 -1 -1 -1 -1 -1 -1 -1 -1 -1 -1 -1 -1 -1 
-1 -1 -1 -1 -1 -1 -1 -1 -1 -1 -1 -1 -1 -1 -1 -1 -1 -1 -1 -1 -1 -1 -1 -1 -1 -1 -1 -1 -1 -1 -1 -1 -1 -1 -1 -1 -1 -1 -1 -1 -1 -1 
-1 -1 -1 -1 -1 -1 -1 -1 -1 -1 -1 -1 -1 -1 -1 -1 -1 -1 -1 -1 -1 -1 -1 -1 -1 -1 -1 -1 -1 -1 -1 -1 -1 -1 -1 -1 -1 -1 -1 -1 -1 -1 
-1 -1 -1 -1 -1 -1 -1 -1 -1 -1 -1 -1 -1 -1 -1 -1 -1 -1 -1 -1 -1 -1 -1 -1 -1 -1 -1 -1 -1 -1 -1 -1 -1 -1 -1 -1 -1 -1 -1 -1 -1 -1 
-1 -1 -1 -1 -1 -1 -1 -1 -1 -1 -1 -1 -1 -1 -1 -1 -1 -1 -1 -1 -1 -1 -1 -1 -1 -1 -1 -1 -1 -1 -1 -1 -1 -1 -1 -1 -1 -1 -1 -1 -1 -1 
-1 -1 -1 -1 -1 -1 -1 -1 -1 -1 -1 -1 -1 -1 -1 -1 -1 -1 -1 -1 -1 -1 -1 -1 -1 -1 -1 -1 -1 -1 -1 -1 -1 -1 -1 -1 -1 -1 -1 -1 -1 -1 
-1 -1 -1 -1 -1 -1 -1 -1 -1 -1 -1 -1 -1 -1 -1 -1 -1 -1 -1 -1 -1 -1 -1 -1 -1 -1 -1 -1 -1 -1 -1 -1 -1 -1 -1 -1 -1 -1 -1 -1 -1 -1 
-1 -1 -1 -1 -1 -1 -1 -1 -1 -1 -1 -1 -1 -1 -1 -1 -1 -1 -1 -1 -1 -1 -1 -1 -1 -1 -1 -1 -1 -1 -1 -1 -1 -1 -1 -1 -1 -1 -1 -1 -1 -1 
-1 -1 -1 -1 -1 -1 -1 -1 -1 -1 -1 -1 -1 -1 -1 -1 -1 -1 -1 -1 -1 -1 -1 -1 -1 -1 -1 -1 -1 -1 -1 -1 -1 -1 -1 -1 -1 -1 -1 -1 -1 -1 
-1 -1 -1 -1 -1 -1 -1 -1 -1 -1 -1 -1 -1 -1 -1 -1 -1 -1 -1 -1 -1 -1 -1 -1 -1 -1 -1 -1 -1 -1 -1 -1 -1 -1 -1 -1 -1 -1 -1 -1 -1 -1 
-1 -1 -1 -1 -1 -1 -1 -1 -1 -1 -1 -1 -1 -1 -1 -1 -1 -1 -1 -1 -1 -1 -1 -1 -1 -1 -1 -1 -1 -1 -1 -1 -1 -1 -1 -1 -1 -1 -1 -1 -1 -1 
-1 -1 -1 -1 -1 -1 -1 -1 -1 -1 -1 -1 -1 -1 -1 -1 -1 -1 -1 -1 -1 -1 -1 -1 -1 -1 -1 -1 -1 -1 -1 -1 -1 -1 -1 -1 -1 -1 -1 -1 -1 -1 
-1 -1 -1 -1 -1 -1 -1 -1 -1 -1 -1 -1 -1 -1 -1 -1 -1 -1 -1 -1 -1 -1 -1 -1 -1 -1 -1 -1 -1 -1 -1 -1 -1 -1 -1 -1 -1 -1 -1 -1 -1 -1 
-1 -1 -1 -1 -1 -1 -1 -1 -1 -1 -1 -1 -1 -1 -1 -1 -1 -1 -1 -1 -1 -1 -1 -1 -1 -1 -1 -1 -1 -1 -1 -1 -1 -1 -1 -1 -1 -1 -1 -1 -1 -1 
-1 -1 -1 -1 -1 -1 -1 -1 -1 -1 -1 -1 -1 -1 -1 -1 -1 -1 -1 -1 -1 -1 -1 -1 -1 -1 -1 -1 -1 -1 -1 -1 -1 -1 -1 -1 -1 -1 -1 -1 -1 -1 
-1 -1 -1 -1 -1 -1 -1 -1 -1 -1 -1 -1 -1 -1 -1 -1 -1 -1 -1 -1 -1 -1 -1 -1 -1 -1 -1 -1 -1 -1 -1 -1 -1 -1 -1 -1 -1 -1 -1 -1 -1 -1 
-1 -1 -1 -1 -1 -1 -1 -1 -1 -1 -1 -1 -1 -1 -1 -1 -1 -1 -1 -1 -1 -1 -1 -1 -1 -1 -1 -1 -1 -1 -1 -1 -1 -1 -1 -1 -1 -1 -1 -1 -1 -1 
-1 -1 -1 -1 -1 -1 -1 -1 -1 -1 -1 -1 -1 -1 -1 -1 -1 -1 -1 -1 -1 -1 -1 -1 -1 -1 -1 -1 -1 -1 -1 -1 -1 -1 -1 -1 -1 -1 -1 -1 -1 -1 
-1 -1 -1 -1 -1 -1 -1 -1 -1 -1 -1 -1 -1 -1 -1 -1 -1 -1 -1 -1 -1 -1 -1 -1 -1 -1 -1 -1 -1 -1 -1 -1 -1 -1 -1 -1 -1 -1 -1 -1 -1 -1 
-1 -1 -1 -1 -1 -1 -1 -1 -1 -1 -1 -1 -1 -1 -1 -1 -1 -1 -1 -1 -1 -1 -1 -1 -1 -1 -1 -1 -1 -1 -1 -1 -1 -1 -1 -1 -1 -1 -1 -1 -1 -1 
-1 -1 -1 -1 -1 -1 -1 -1 -1 -1 -1 -1 -1 -1 -1 -1 -1 -1 -1 -1 -1 -1 -1 -1 -1 -1 -1 -1 -1 -1 -1 -1 -1 -1 -1 -1 -1 -1 -1 -1 -1 -1 
-1 -1 -1 -1 -1 -1 -1 -1 -1 -1 -1 -1 -1 -1 -1 -1 -1 -1 -1 -1 -1 -1 -1 -1 -1 -1 -1 -1 -1 -1 -1 -1 -1 -1 -1 -1 -1 -1 -1 -1 -1 -1 
-1 -1 -1 -1 -1 -1 -1 -1 -1 -1 -1 -1 -1 -1 -1 -1 -1 -1 -1 -1 -1 -1 -1 -1 -1 -1 -1 -1 -1 -1 -1 -1 -1 -1 -1 -1 -1 -1 -1 -1 -1 -1 
-1 -1 -1 -1 -1 -1 -1 -1 -1 -1 -1 -1 -1 -1 -1 -1 -1 -1 -1 -1 -1 -1 -1 -1 -1 -1 -1 -1 -1 -1 -1 -1 -1 -1 -1 -1 -1 -1 -1 -1 -1 -1 
-1 -1 -1 -1 -1 -1 -1 -1 -1 -1 -1 -1 -1 -1 -1 -1 -1 -1 -1 -1 -1 -1 -1 -1 -1 -1 -1 -1 -1 -1 -1 -1 -1 -1 -1 -1 -1 -1 -1 -1 -1 -1 
-1 -1 -1 -1 -1 -1 -1 -1 -1 -1 -1 -1 -1 -1 -1 -1 -1 -1 -1 -1 -1 -1 -1 -1 -1 -1 -1 -1 -1 -1 -1 -1 -1 -1 -1 -1 -1 -1 -1 -1 -1 -1 
-1 -1 -1 -1 -1 -1 -1 -1 -1 -1 -1 -1 -1 -1 -1 -1 -1 -1 -1 -1 -1 -1 -1 -1 -1 -1 -1 -1 -1 -1 -1 -1 -1 -1 -1 -1 -1 -1 -1 -1 -1 -1 
-1 -1 -1 -1 -1 -1 -1 -1 -1 -1 -1 -1 -1 -1 -1 -1 -1 -1 -1 -1 -1 -1 -1 -1 -1 -1 -1 -1 -1 -1 -1 -1 -1 -1 -1 -1 -1 -1 -1 -1 -1 -1 
-1 -1 -1 -1 -1 -1 -1 -1 -1 -1 -1 -1 -1 -1 -1 -1 -1 -1 -1 -1 -1 -1 -1 -1 -1 -1 -1 -1 -1 -1 -1 -1 -1 -1 -1 -1 -1 -1 -1 -1 -1 -1 
-1 -1 -1 -1 -1 -1 -1 -1 -1 -1 -1 -1 -1 -1 -1 -1 -1 -1 -1 -1 -1 -1 -1 -1 -1 -1 -1 -1 -1 -1 -1 -1 -1 -1 -1 -1 -1 -1 -1 -1 -1 -1 
-1 -1 -1 -1 -1 -1 -1 -1 -1 -1 -1 -1 -1 -1 -1 -1 -1 -1 -1 -1 -1 -1 -1 -1 -1 -1 -1 -1 -1 -1 -1 -1 -1 -1 -1 -1 -1 -1 -1 -1 -1 -1 
-1 -1 -1 -1 -1 -1 -1 -1 -1 -1 -1 -1 -1 -1 -1 -1 -1 -1 -1 -1 -1 -1 -1 -1 -1 -1 -1 -1 -1 -1 -1 -1 -1 -1 -1 -1 -1 -1 -1 -1 -1 -1 
-1 -1 -1 -1 -1 -1 -1 -1 -1 -1 -1 -1 -1 -1 -1 -1 -1 -1 -1 -1 -1 -1 -1 -1 -1 -1 -1 -1 -1 -1 -1 -1 -1 -1 -1 -1 -1 -1 -1 -1 -1 -1 
-1 -1 -1 -1 -1 -1 -1 -1 -1 -1 -1 -1 -1 -1 -1 -1 -1 -1 -1 -1 -1 -1 -1 -1 -1 -1 -1 -1 -1 -1 -1 -1 -1 -1 -1 -1 -1 -1 -1 -1 -1 -1 
-1 -1 -1 -1 -1 -1 -1 -1 -1 -1 -1 -1 -1 -1 -1 -1 -1 -1 -1 -1 -1 -1 -1 -1 -1 -1 -1 -1 -1 -1 -1 -1 -1 -1 -1 -1 -1 -1 -1 -1 -1 -1 
-1 -1 -1 -1 -1 -1 -1 -1 -1 -1 -1 -1 -1 -1 -1 -1 -1 -1 -1 -1 -1 -1 -1 -1 -1 -1 -1 -1 -1 -1 -1 -1 -1 -1 -1 -1 -1 -1 -1 -1 -1 -1 
-1 -1 -1 -1 -1 -1 -1 -1 -1 -1 -1 -1 -1 -1 -1 -1 -1 -1 -1 -1 -1 -1 -1 -1 -1 -1 -1 -1 -1 -1 -1 -1 -1 -1 -1 -1 -1 -1 -1 -1 -1 -1 
-1 -1 -1 -1 -1 -1 -1 -1 -1 -1 -1 -1 -1 -1 -1 -1 -1 -1 -1 -1 -1 -1 -1 -1 -1 -1 -1 -1 -1 -1 -1 -1 -1 -1 -1 -1 -1 -1 -1 -1 -1 -1 
-1 -1 -1 -1 -1 -1 -1 -1 -1 -1 -1 -1 -1 -1 -1 -1 -1 -1 -1 -1 -1 -1 -1 -1 -1 -1 -1 -1 -1 -1 -1 -1 -1 -1 -1 -1 -1 -1 -1 -1 -1 -1 
-1 -1 -1 -1 -1 -1 -1 -1 -1 -1 -1 -1 -1 -1 -1 -1 -1 -1 -1 -1 -1 -1 -1 -1 -1 -1 -1 -1 -1 -1 -1 -1 -1 -1 -1 -1 -1 -1 -1 -1 -1 -1 
-1 -1 -1 -1 -1 -1 -1 -1 -1 -1 -1 -1 -1 -1 -1 -1 -1 -1 -1 -1 -1 -1 -1 -1 -1 -1 -1 -1 -1 -1 -1 -1 -1 -1 -1 -1 -1 -1 -1 -1 -1 -1 
-1 -1 -1 -1 -1 -1 -1 -1 -1 -1 -1 -1 -1 -1 -1 -1 -1 -1 -1 -1 -1 -1 -1 -1 -1 -1 -1 -1 -1 -1 -1 -1 -1 -1 -1 -1 -1 -1 -1 -1 -1 -1 
-1 -1 -1 -1 -1 -1 -1 -1 -1 -1 -1 -1 -1 -1 -1 -1 -1 -1 -1 -1 -1 -1 -1 -1 -1 -1 -1 -1 -1 -1 -1 -1 -1 -1 -1 -1 -1 -1 -1 -1 -1 -1 
-1 -1 -1 -1 -1 -1 -1 -1 -1 -1 -1 -1 -1 -1 -1 -1 -1 -1 -1 -1 -1 -1 -1 -1 -1 -1 -1 -1 -1 -1 -1 -1 -1 -1 -1 -1 -1 -1 -1 -1 -1 -1 
-1 -1 -1 -1 -1 -1 -1 -1 -1 -1 -1 -1 -1 -1 -1 -1 -1 -1 -1 -1 -1 -1 -1 -1 -1 -1 -1 -1 -1 -1 -1 -1 -1 -1 -1 -1 -1 -1 -1 -1 -1 -1 
-1 -1 -1 -1 -1 -1 -1 -1 -1 -1 -1 -1 -1 -1 -1 -1 -1 -1 -1 -1 -1 -1 -1 -1 -1 -1 -1 -1 -1 -1 -1 -1 -1 -1 -1 -1 -1 -1 -1 -1 -1 -1 
-1 -1 -1 -1 -1 -1 -1 -1 -1 -1 -1 -1 -1 -1 -1 -1 -1 -1 -1 -1 -1 -1 -1 -1 -1 -1 -1 -1 -1 -1 -1 -1 -1 -1 -1 -1 -1 -1 -1 -1 -1 -1 
-1 -1 -1 -1 -1 -1 -1 -1 -1 -1 -1 -1 -1 -1 -1 -1 -1 -1 -1 -1 -1 -1 -1 -1 -1 -1 -1 -1 -1 -1 -1 -1 -1 -1 -1 -1 -1 -1 -1 -1 -1 -1 
-1 -1 -1 -1 -1 -1 -1 -1 -1 -1 -1 -1 -1 -1 -1 -1 -1 -1 -1 -1 -1 -1 -1 -1 -1 -1 -1 -1 -1 -1 -1 -1 -1 -1 -1 -1 -1 -1 -1 -1 -1 -1 
-1 -1 -1 -1 -1 -1 -1 -1 -1 -1 -1 -1 -1 -1 -1 -1 -1 -1 -1 -1 -1 -1 -1 -1 -1 -1 -1 -1 -1 -1 -1 -1 -1 -1 -1 -1 -1 -1 -1 -1 -1 -1 
-1 -1 -1 -1 -1 -1 -1 -1 -1 -1 -1 -1 -1 -1 -1 -1 -1 -1 -1 -1 -1 -1 -1 -1 -1 -1 -1 -1 -1 -1 -1 -1 -1 -1 -1 -1 -1 -1 -1 -1 -1 -1 
-1 -1 -1 -1 -1 -1 -1 -1 -1 -1 -1 -1 -1 -1 -1 -1 -1 -1 -1 -1 -1 -1 -1 -1 -1 -1 -1 -1 -1 -1 -1 -1 -1 -1 -1 -1 -1 -1 -1 -1 -1 -1 
-1 -1 -1 -1 -1 -1 -1 -1 -1 -1 -1 -1 -1 -1 -1 -1 -1 -1 -1 -1 -1 -1 -1 -1 -1 -1 -1 -1 -1 -1 -1 -1 -1 -1 -1 -1 -1 -1 -1 -1 -1 -1 
-1 -1 -1 -1 -1 -1 -1 -1 -1 -1 -1 -1 -1 -1 -1 -1 -1 -1 -1 -1 -1 -1 -1 -1 -1 -1 -1 -1 -1 -1 -1 -1 -1 -1 -1 -1 -1 -1 -1 -1 -1 -1 
-1 -1 -1 -1 -1 -1 -1 -1 -1 -1 -1 -1 -1 -1 -1 -1 -1 -1 -1 -1 -1 -1 -1 -1 -1 -1 -1 -1 -1 -1 -1 -1 -1 -1 -1 -1 -1 -1 -1 -1 -1 -1 
-1 -1 -1 -1 -1 -1 -1 -1 -1 -1 -1 -1 -1 -1 -1 -1 -1 -1 -1 -1 -1 -1 -1 -1 -1 -1 -1 -1 -1 -1 -1 -1 -1 -1 -1 -1 -1 -1 -1 -1 -1 -1 
-1 -1 -1 -1 -1 -1 -1 -1 -1 -1 -1 -1 -1 -1 -1 -1 -1 -1 -1 -1 -1 -1 -1 -1 -1 -1 -1 -1 -1 -1 -1 -1 -1 -1 -1 -1 -1 -1 -1 -1 -1 -1 
-1 -1 -1 -1 -1 -1 -1 -1 -1 -1 -1 -1 -1 -1 -1 -1 -1 -1 -1 -1 -1 -1 -1 -1 -1 -1 -1 -1 -1 -1 -1 -1 -1 -1 -1 -1 -1 -1 -1 -1 -1 -1 
-1 -1 -1 -1 -1 -1 -1 -1 -1 -1 -1 -1 -1 -1 -1 -1 -1 -1 -1 -1 -1 -1 -1 -1 -1 -1 -1 -1 -1 -1 -1 -1 -1 -1 -1 -1 -1 -1 -1 -1 -1 -1 
-1 -1 -1 -1 -1 -1 -1 -1 -1 -1 -1 -1 -1 -1 -1 -1 -1 -1 -1 -1 -1 -1 -1 -1 -1 -1 -1 -1 -1 -1 -1 -1 -1 -1 -1 -1 -1 -1 -1 -1 -1 -1 
-1 -1 -1 -1 -1 -1 -1 -1 -1 -1 -1 -1 -1 -1 -1 -1 -1 -1 -1 -1 -1 -1 -1 -1 -1 -1 -1 -1 -1 -1 -1 -1 -1 -1 -1 -1 -1 -1 -1 -1 -1 -1 
-1 -1 -1 -1 -1 -1 -1 -1 -1 -1 -1 -1 -1 -1 -1 -1 -1 -1 -1 -1 -1 -1 -1 -1 -1 -1 -1 -1 -1 -1 -1 -1 -1 -1 -1 -1 -1 -1 -1 -1 -1 -1 
-1 -1 -1 -1 -1 -1 -1 -1 -1 -1 -1 -1 -1 -1 -1 -1 -1 -1 -1 -1 -1 -1 -1 -1 -1 -1 -1 -1 -1 -1 -1 -1 -1 -1 -1 -1 -1 -1 -1 -1 -1 -1 
-1 -1 -1 -1 -1 -1 -1 -1 -1 -1 -1 -1 -1 -1 -1 -1 -1 -1 -1 -1 -1 -1 -1 -1 -1 -1 -1 -1 -1 -1 -1 -1 -1 -1 -1 -1 -1 -1 -1 -1 -1 -1 
-1 -1 -1 -1 -1 -1 -1 -1 -1 -1 -1 -1 -1 -1 -1 -1 -1 -1 -1 -1 -1 -1 -1 -1 -1 -1 -1 -1 -1 -1 -1 -1 -1 -1 -1 -1 -1 -1 -1 -1 -1 -1 
-1 -1 -1 -1 -1 -1 -1 -1 -1 -1 -1 -1 -1 -1 -1 -1 -1 -1 -1 -1 -1 -1 -1 -1 -1 -1 -1 -1 -1 -1 -1 -1 -1 -1 -1 -1 -1 -1 -1 -1 -1 -1 
-1 -1 -1 -1 -1 -1 -1 -1 -1 -1 -1 -1 -1 -1 -1 -1 -1 -1 -1 -1 -1 -1 -1 -1 -1 -1 -1 -1 -1 -1 -1 -1 -1 -1 -1 -1 -1 -1 -1 -1 -1 -1 
-1 -1 -1 -1 -1 -1 -1 -1 -1 -1 -1 -1 -1 -1 -1 -1 -1 -1 -1 -1 -1 -1 -1 -1 -1 -1 -1 -1 -1 -1 -1 -1 -1 -1 -1 -1 -1 -1 -1 -1 -1 -1 
123 364 132 330 156 299 178 287 198 282 160 275 198 246 230 237 254 237 169 280 207 244 238 236 260 237 182 291 218 253 248 244 270 242 198 309 228 280 250 270 268 267 
135 328 145 283 167 244 187 225 206 215 169 215 203 205 210 215 206 220 177 213 211 204 214 215 208 221 188 216 219 207 221 218 215 224 201 224 225 213 225 225 219 233 
143 305 146 270 164 235 182 221 200 214 173 200 213 189 215 207 203 218 182 198 221 190 222 209 208 220 193 203 230 189 231 209 221 219 205 212 237 199 237 216 228 228 
137 302 152 280 166 247 178 228 187 214 169 207 198 190 210 201 214 211 174 204 203 186 212 197 214 205 182 205 210 187 219 197 222 205 192 210 217 192 227 199 228 206 
-1 -1 -1 -1 -1 -1 -1 -1 -1 -1 -1 -1 -1 -1 -1 -1 -1 -1 -1 -1 -1 -1 -1 -1 -1 -1 -1 -1 -1 -1 -1 -1 -1 -1 -1 -1 -1 -1 -1 -1 -1 -1 
-1 -1 -1 -1 -1 -1 -1 -1 -1 -1 -1 -1 -1 -1 -1 -1 -1 -1 -1 -1 -1 -1 -1 -1 -1 -1 -1 -1 -1 -1 -1 -1 -1 -1 -1 -1 -1 -1 -1 -1 -1 -1 
82 341 112 352 134 359 140 366 140 372 153 317 155 339 146 358 136 369 139 302 137 329 130 349 122 361 121 295 121 321 117 340 111 351 104 293 106 314 103 329 100 338 
69 354 69 333 86 321 103 324 116 333 100 302 106 318 99 336 91 346 118 309 125 328 117 345 107 357 134 321 142 341 135 360 126 374 147 337 156 357 151 371 143 382 
65 359 68 334 87 321 106 324 122 334 97 303 103 318 98 334 92 343 115 309 120 327 114 342 105 352 132 321 137 342 131 361 123 373 146 336 156 356 151 370 144 381 
63 365 68 341 90 327 111 331 127 343 98 310 120 323 117 339 108 347 115 316 138 327 133 344 121 352 131 328 157 337 153 356 143 367 144 345 166 358 162 374 152 384 
59 374 66 349 90 333 114 338 131 350 103 316 134 325 134 340 123 351 119 323 150 330 149 347 140 359 132 336 164 343 159 362 147 374 143 352 170 361 165 377 152 388 
55 379 64 349 89 333 114 337 131 348 100 315 135 324 136 340 125 349 115 323 154 327 155 345 144 356 128 336 168 338 165 359 152 370 139 355 172 360 170 377 159 388 
56 383 68 351 95 332 119 333 136 343 102 311 141 318 148 335 140 346 116 320 160 321 167 339 160 351 129 334 173 330 178 348 170 361 139 353 174 349 178 364 171 375 
61 386 78 360 108 337 135 333 156 335 112 307 159 310 178 328 182 345 120 314 170 313 186 332 187 351 129 328 177 321 191 341 191 358 138 347 176 337 187 350 186 364 
58 389 77 362 108 338 136 333 157 335 110 308 158 310 178 328 182 347 119 314 171 311 187 330 188 348 128 327 178 320 192 340 189 357 137 345 177 337 187 350 185 364 
73 390 110 384 140 359 165 347 185 336 128 301 178 295 205 312 216 332 125 304 182 297 207 318 216 337 127 315 180 306 205 325 212 343 133 333 172 323 192 334 200 347 
95 394 136 386 166 359 191 346 210 337 137 295 182 275 211 290 223 310 129 295 184 276 214 297 222 319 126 303 177 283 207 303 215 323 129 317 169 300 193 310 201 324 
143 395 176 384 211 350 235 325 249 300 185 294 203 257 228 238 252 227 170 289 189 248 217 232 243 226 153 290 172 247 200 236 225 236 135 296 151 259 174 249 194 251 
159 387 197 376 232 343 254 317 262 292 205 276 219 237 237 218 256 207 185 271 197 226 216 208 236 199 164 275 170 230 188 219 206 220 142 285 147 247 163 236 181 237 
174 386 216 373 256 341 280 315 295 292 218 267 235 228 252 205 271 188 194 261 205 213 221 184 240 161 172 263 178 218 195 193 214 175 149 275 149 239 160 219 177 206 
171 390 213 375 252 343 277 317 291 294 215 268 233 227 251 205 270 187 193 262 205 214 221 184 240 159 171 265 178 219 195 194 215 175 148 276 148 240 160 220 177 206 
185 388 233 373 274 340 302 314 326 296 237 264 251 222 266 197 282 175 210 256 218 205 231 173 247 147 185 259 187 211 199 182 214 158 160 271 156 232 161 208 170 187 
217 386 265 374 308 345 339 325 365 310 274 263 287 216 300 188 313 164 245 252 249 197 258 161 269 132 217 253 214 199 218 165 225 136 190 264 177 223 169 196 165 171 
216 388 265 374 308 345 340 323 366 309 274 263 288 217 301 189 314 165 244 253 250 197 260 161 270 132 216 254 215 200 219 166 227 136 190 266 177 225 170 197 165 171 
219 386 270 373 314 345 346 324 373 310 280 260 296 215 309 186 321 160 250 250 255 194 264 158 274 128 221 251 219 197 222 163 228 133 194 264 180 223 172 195 167 168 
219 386 270 373 314 344 347 323 373 310 281 261 295 214 307 186 320 162 250 250 256 193 265 158 275 129 222 251 218 197 222 163 228 134 194 263 181 222 173 195 168 169 
230 384 281 371 326 345 358 326 384 311 291 256 309 211 320 182 332 156 261 245 266 189 274 153 281 123 232 247 227 193 229 158 232 127 205 260 187 220 177 192 170 165 
233 384 285 373 330 349 363 330 389 315 296 257 312 211 324 182 336 157 264 245 269 189 277 153 285 123 235 247 230 194 230 159 233 128 207 262 191 222 180 195 172 170 
236 386 289 375 334 350 367 331 392 317 300 259 316 211 328 182 340 157 267 247 273 191 280 154 287 124 237 250 232 196 232 161 235 130 209 264 191 225 180 198 172 173 
240 391 291 378 337 353 371 334 398 320 304 262 321 213 334 183 346 157 270 251 276 192 283 155 290 124 239 254 234 199 233 162 235 130 211 269 192 230 180 203 171 177 
241 393 293 381 339 355 374 336 401 321 305 263 322 214 334 184 346 156 271 252 276 194 283 156 289 125 240 256 235 201 233 164 234 131 211 272 192 232 180 205 171 178 
242 393 295 381 341 357 374 338 401 322 306 264 322 214 334 185 345 157 271 253 276 194 282 157 289 125 240 256 234 202 232 165 233 132 211 272 192 232 179 205 171 178 
242 395 295 382 342 357 375 338 402 322 307 264 324 214 336 184 348 156 273 253 277 194 284 156 290 124 241 256 235 201 234 164 235 131 211 272 192 232 180 204 171 177 
245 397 298 385 345 358 379 338 407 323 309 265 326 214 339 183 350 155 274 253 279 194 286 156 292 124 242 257 236 201 236 164 237 131 213 274 194 233 181 205 172 178 
247 400 302 387 349 360 383 338 413 325 313 264 331 214 343 182 354 154 278 253 283 193 289 155 295 123 245 257 239 201 239 164 241 131 215 274 196 233 183 205 174 178 
255 406 312 394 361 364 395 341 426 329 322 266 342 216 356 185 368 155 287 255 294 193 302 154 308 120 255 258 250 201 250 162 252 127 224 275 204 233 191 205 182 178 
261 409 317 397 365 366 402 345 435 333 329 267 351 215 365 183 377 154 294 255 301 193 309 154 315 120 261 259 256 200 258 162 260 127 230 276 210 233 198 204 188 176 
267 412 322 398 372 369 410 348 442 335 338 268 360 216 374 183 386 154 301 256 309 192 316 153 323 118 267 259 262 199 264 160 267 125 235 277 215 233 202 203 193 175 
268 411 323 398 372 369 411 349 443 335 338 268 359 215 374 182 386 152 301 255 308 192 316 152 324 117 266 260 261 200 261 161 264 125 235 278 215 234 203 204 194 175 
272 415 329 403 378 373 417 352 451 340 347 269 368 215 382 182 393 152 309 257 316 192 324 151 330 115 273 260 268 199 270 158 272 122 239 278 219 233 206 203 197 174 
283 425 345 413 398 380 439 358 476 346 363 274 386 218 401 183 415 151 323 260 331 191 341 147 348 110 285 264 280 199 281 155 283 116 250 282 227 236 213 204 201 173 
283 427 344 413 398 382 440 360 476 346 365 275 389 217 404 181 417 148 324 261 333 191 342 147 349 108 286 265 281 200 281 156 283 116 250 285 228 238 214 206 202 174 
287 432 347 417 400 386 443 364 480 351 369 278 392 220 408 183 421 149 328 263 336 191 345 147 352 108 289 268 283 202 283 156 286 115 253 289 229 241 213 209 201 177 
286 436 348 421 402 390 445 367 483 354 371 281 395 222 411 185 424 150 329 266 337 193 347 148 354 108 290 271 284 204 284 158 287 116 254 293 228 245 212 212 199 180 
284 444 346 428 401 395 445 371 483 358 369 288 394 226 410 188 423 153 327 273 334 200 342 153 349 113 287 278 280 210 280 164 281 122 251 299 224 253 207 221 194 189 
283 445 346 429 400 395 443 371 480 356 367 289 392 228 407 190 419 155 325 275 332 201 340 154 346 114 285 280 277 212 276 165 277 123 250 302 222 256 204 224 190 192 
283 444 346 428 400 395 443 371 480 356 368 289 392 228 407 190 419 155 325 275 333 201 341 154 348 113 285 280 277 212 277 166 278 124 249 302 222 256 204 224 191 192 
281 447 344 430 398 395 441 370 478 355 365 290 389 229 405 191 417 156 322 276 327 203 336 156 342 115 282 282 273 215 271 169 272 126 246 305 218 261 199 229 186 197 
287 450 342 420 387 378 423 352 451 329 345 287 364 223 377 184 388 150 305 281 301 207 305 159 310 120 271 294 254 227 251 182 251 141 243 323 212 283 194 253 180 223 
292 448 342 409 377 356 405 322 420 296 330 279 342 214 355 175 367 139 298 279 288 208 289 159 290 119 273 296 251 232 246 187 243 145 255 326 223 293 204 265 189 237 
293 446 344 411 376 356 402 321 419 299 334 280 343 216 353 176 363 141 302 281 290 211 291 162 291 120 275 298 254 236 249 190 246 149 254 329 225 294 206 266 189 239 
294 433 341 391 373 342 391 311 402 287 320 270 320 205 328 166 339 133 295 275 279 206 278 158 279 118 277 297 256 235 252 194 252 156 266 332 245 300 233 273 222 247 
274 420 310 375 309 326 294 294 280 266 293 255 290 196 288 156 289 122 280 264 271 199 269 151 270 110 272 286 260 226 262 187 265 151 270 320 269 297 269 275 269 253 
264 414 301 353 309 297 319 260 329 229 261 260 263 199 264 157 265 121 251 273 250 202 255 153 259 109 253 299 249 236 254 195 257 159 268 332 277 305 284 282 289 261 
247 408 249 340 264 281 288 249 305 228 233 270 238 192 245 142 249 105 246 289 257 222 272 175 282 140 268 313 276 246 279 197 276 158 298 341 326 305 337 305 345 311 
246 407 231 347 240 283 259 233 276 200 228 277 233 194 237 145 241 107 253 295 271 223 285 177 297 142 284 317 324 265 345 259 354 264 317 340 351 298 362 291 369 293 
245 412 232 356 242 299 268 263 292 245 224 281 232 200 240 153 250 118 246 295 250 216 261 164 273 125 277 317 316 259 340 249 353 249 313 341 348 298 360 289 367 289 
234 420 192 378 165 328 146 284 129 250 214 289 211 206 214 159 218 123 250 297 257 211 263 157 271 117 284 317 313 243 334 198 351 163 313 344 357 300 383 275 405 253 
234 420 191 378 164 328 145 285 128 251 215 290 211 209 213 162 217 126 249 299 257 212 264 158 271 118 282 318 313 243 335 197 352 161 311 345 354 303 381 278 404 255 
235 422 187 384 155 337 131 292 111 259 213 292 207 211 208 164 210 129 251 299 260 212 266 160 271 120 286 317 316 242 336 196 352 161 314 341 357 299 386 275 409 255 
233 432 184 391 150 343 124 299 100 267 213 297 206 215 206 168 207 132 253 303 261 216 268 162 274 122 287 320 318 246 340 198 357 161 313 343 357 299 386 275 410 254 
234 432 185 391 151 344 125 299 102 266 215 296 208 216 206 170 208 134 254 302 262 214 268 161 275 122 289 319 318 243 340 195 358 159 316 342 358 297 387 273 411 252 
241 447 185 411 143 367 107 327 73 301 221 305 213 228 209 181 209 143 263 308 272 224 276 171 281 129 297 321 324 245 345 198 361 161 320 340 356 289 383 263 406 240 
240 454 185 417 144 371 107 332 71 308 221 307 213 228 210 181 210 145 262 309 271 221 277 169 283 128 294 321 321 245 339 199 355 161 317 339 350 288 373 259 395 235 
242 451 187 418 146 374 107 336 71 313 222 309 215 229 212 182 212 144 263 309 272 222 278 171 284 130 295 320 321 245 339 198 355 162 317 337 350 287 373 260 394 236 
242 451 187 417 145 374 107 336 71 314 222 308 215 229 212 182 212 144 263 309 272 222 277 171 284 130 295 320 321 244 339 198 354 161 317 337 350 287 373 260 394 236 
242 451 187 417 146 374 109 336 73 313 224 311 219 229 217 182 219 144 266 311 278 223 284 170 292 130 297 323 325 247 344 201 361 165 319 340 352 291 375 264 397 240 
238 454 184 414 147 368 112 328 77 306 228 303 228 225 229 180 232 144 270 308 287 222 297 171 307 132 301 323 335 251 359 209 379 178 320 345 357 300 381 276 402 255 
234 454 180 410 147 361 114 321 81 298 230 301 234 222 238 178 243 143 272 308 293 224 306 173 318 136 302 326 337 256 362 216 382 187 319 348 356 305 380 280 400 258 
229 454 176 408 146 353 116 310 84 286 233 297 239 218 246 174 254 140 275 306 301 225 318 177 333 142 303 327 342 262 368 224 390 196 319 351 358 312 383 290 405 272 
220 450 171 401 143 344 116 299 86 274 234 290 246 214 256 174 267 143 275 302 309 225 329 181 347 150 303 325 346 266 374 231 397 204 318 352 358 317 384 299 405 283 
209 444 162 393 138 331 116 282 91 255 233 279 250 211 263 176 276 148 271 296 309 229 332 192 353 167 294 324 341 275 370 247 392 227 306 354 347 326 372 313 394 303 
206 441 160 389 137 326 116 279 92 251 231 280 247 215 260 181 272 155 267 297 304 233 325 198 345 174 291 325 334 277 361 251 382 231 302 356 338 329 360 315 379 305 
208 439 160 389 136 327 115 279 92 250 231 282 248 216 261 181 274 154 269 298 305 234 327 198 346 175 292 325 335 278 360 252 381 233 304 355 339 329 361 316 380 306 
207 444 161 391 138 327 117 279 95 250 230 287 244 226 256 194 266 169 266 303 297 244 314 210 327 186 290 330 327 287 349 263 366 244 302 360 333 336 353 323 370 312 
227 453 178 404 148 338 126 291 106 258 234 304 237 259 241 238 245 221 270 313 290 269 299 247 309 235 299 330 325 292 338 274 349 260 318 352 344 330 357 319 367 310 
233 448 180 402 147 340 125 295 104 264 232 302 230 262 230 245 231 233 269 311 281 265 285 247 291 238 297 329 319 294 329 277 337 264 315 352 337 331 348 321 356 312 
233 446 180 402 147 340 125 295 104 266 233 302 229 262 229 245 231 233 268 312 283 266 289 246 296 234 295 331 322 300 334 287 343 277 314 355 338 341 350 335 359 331 
242 446 187 403 150 343 125 300 105 270 235 303 230 266 227 253 225 244 271 311 279 268 279 253 280 247 298 327 315 294 317 284 317 278 319 348 337 327 341 320 343 316 
253 452 197 410 156 353 127 308 104 280 234 304 222 264 213 267 208 278 270 307 268 266 259 270 255 284 299 321 300 285 290 290 282 301 321 340 327 312 319 315 312 325 
258 453 200 413 157 354 127 311 101 283 239 306 223 272 211 272 204 276 275 309 264 275 250 274 243 282 302 322 296 287 282 286 271 294 323 341 319 312 308 309 298 314 
263 451 203 414 159 357 127 315 100 287 236 303 219 274 208 272 203 273 273 303 256 285 244 292 241 305 300 314 285 295 273 303 265 315 321 330 310 313 299 319 292 331 
263 452 203 414 159 357 127 316 100 288 237 305 220 277 208 271 202 268 274 306 261 282 248 280 242 286 301 318 287 295 274 297 263 303 320 333 310 313 299 313 291 321 
272 451 210 417 163 362 130 319 102 291 237 303 217 281 207 285 205 291 272 300 251 295 243 311 245 328 299 309 279 303 269 317 265 335 321 322 303 317 294 329 290 345 
274 452 211 420 164 363 131 321 103 295 239 306 217 278 204 275 199 276 274 303 254 283 241 291 238 304 300 312 279 295 265 303 257 314 320 326 301 311 289 316 282 326 
282 449 216 420 168 365 133 324 103 298 238 305 215 277 202 273 195 274 274 301 253 282 240 287 235 299 300 310 278 299 265 307 257 317 319 324 300 318 288 324 281 334 
294 448 226 423 175 367 139 328 106 302 236 311 214 277 202 265 193 255 269 306 249 275 235 263 227 258 293 310 272 287 257 277 244 273 313 318 294 300 281 295 270 295 
293 438 226 421 176 368 141 330 107 304 237 300 209 262 197 250 190 241 273 296 249 260 234 249 228 246 299 303 276 277 258 269 245 265 316 316 294 294 277 288 265 287 
297 442 229 422 177 368 141 331 108 304 237 304 211 268 199 254 192 243 272 301 250 268 237 254 231 248 298 309 278 284 264 274 253 269 317 321 299 302 284 295 274 295 
298 444 230 422 181 368 145 331 111 304 239 305 216 262 204 242 196 226 275 304 257 266 242 247 234 235 301 315 289 282 273 269 260 262 321 330 312 308 300 302 292 303 
312 430 244 418 198 372 161 336 131 308 248 294 223 236 210 204 203 179 282 289 261 235 247 207 242 190 311 297 305 251 295 229 287 215 334 312 334 280 330 266 328 258 
311 432 246 417 201 372 165 337 134 312 250 290 225 228 212 195 205 170 284 285 267 224 255 193 249 172 315 293 317 235 313 209 308 192 338 309 350 270 354 254 358 242 
312 435 248 418 202 371 163 334 131 310 250 288 225 228 213 194 206 169 285 282 268 221 257 190 253 169 315 291 316 231 312 205 308 188 338 307 349 266 352 250 355 240 
319 432 254 417 208 373 169 338 136 314 259 286 231 222 218 187 212 162 295 280 278 214 265 181 258 159 323 288 319 230 309 202 300 183 339 300 337 255 330 234 325 219 
316 431 258 416 214 378 176 347 144 328 267 291 242 222 230 184 222 154 300 286 284 214 275 173 269 142 323 292 318 231 316 197 313 171 337 302 337 251 337 225 338 203 
318 433 259 421 217 385 181 353 147 337 271 298 247 227 236 186 230 154 304 291 288 217 280 172 279 138 325 295 321 230 320 193 322 164 338 302 336 247 336 217 338 191 
319 436 260 426 217 391 184 359 150 344 277 303 253 231 242 190 236 156 312 295 299 219 293 172 293 135 335 299 331 233 332 194 335 164 347 306 348 252 352 222 356 196 
318 438 260 426 219 392 183 360 149 343 274 306 252 231 242 189 237 155 308 298 298 220 292 173 292 135 331 302 329 234 331 195 334 164 344 308 344 251 346 220 350 193 
310 448 253 431 214 397 181 366 150 350 278 319 264 245 258 200 258 164 314 312 314 229 318 179 326 139 338 316 346 243 358 201 370 169 353 326 365 273 378 244 391 219 
306 447 250 430 213 395 182 362 151 344 277 318 268 244 265 198 267 162 315 313 322 230 330 179 341 139 340 319 355 246 370 204 385 172 354 329 372 276 388 249 402 228 
303 447 248 428 212 393 180 361 149 342 275 318 268 243 265 198 267 161 312 313 321 230 331 179 342 140 337 320 354 247 371 205 386 173 351 330 371 277 386 250 400 228 
294 445 242 421 208 385 181 350 152 332 279 312 274 238 275 193 279 158 316 312 330 230 342 180 357 143 342 323 364 252 382 212 400 183 359 338 383 291 401 266 418 245 
259 421 214 375 193 330 175 293 156 269 280 286 302 217 319 177 335 148 316 302 359 232 388 192 414 165 339 325 384 270 418 240 447 217 350 348 388 314 413 298 434 284 
261 422 213 379 192 333 177 292 158 266 277 285 302 217 320 177 336 147 315 300 360 231 391 194 420 168 338 322 384 265 419 236 449 216 349 344 389 306 414 292 436 280 
249 414 210 363 194 310 183 267 166 239 283 278 316 212 340 176 362 150 317 299 372 238 408 205 440 185 338 324 393 279 430 256 461 240 349 350 395 325 424 314 449 305 
236 401 203 344 195 290 189 246 176 216 288 271 329 213 358 181 384 159 319 297 381 248 420 220 452 202 336 327 397 294 437 274 471 261 342 355 390 340 422 335 450 330 
212 375 195 313 199 259 202 218 195 187 287 257 339 213 374 189 402 172 310 287 383 256 428 237 464 226 321 320 394 301 440 293 476 287 322 353 377 355 411 357 440 359 
198 367 194 307 207 252 215 210 210 177 289 255 346 217 382 197 410 182 305 284 382 261 427 248 462 241 312 318 388 310 435 306 470 304 310 353 369 360 402 367 429 372 
188 356 195 296 217 246 228 207 227 176 290 251 352 223 392 209 422 198 301 280 382 269 428 263 464 259 304 315 382 317 429 317 466 315 298 349 355 365 387 374 415 381 
170 338 195 288 231 244 252 209 256 178 285 252 352 234 392 223 422 214 289 277 368 275 416 273 453 271 286 307 361 318 404 325 440 329 275 341 328 363 358 378 386 389 
164 339 195 292 237 252 263 217 271 184 274 253 343 238 385 227 417 217 275 274 354 273 399 270 435 267 270 302 343 315 385 321 419 324 260 334 311 359 342 374 370 384 
162 342 199 299 245 266 276 235 288 202 271 255 338 239 379 226 411 214 268 272 340 267 384 261 420 258 259 296 321 308 361 315 394 319 246 325 288 352 315 367 340 378 
162 355 219 331 268 305 304 283 326 263 281 263 333 243 370 230 399 220 265 268 325 262 361 254 393 247 246 285 299 302 326 314 347 321 224 312 263 338 278 356 289 369 
201 376 259 353 303 309 329 265 352 228 301 289 341 242 365 213 387 187 277 292 302 248 318 213 329 178 247 304 253 267 258 238 260 208 214 322 201 302 192 287 181 270 
218 384 274 369 318 340 348 318 376 302 307 292 342 243 364 214 383 186 278 288 297 238 310 202 320 166 245 298 241 254 242 223 244 191 211 320 189 293 177 276 166 259 
219 383 272 369 315 342 346 321 376 307 308 295 343 246 364 215 382 187 278 290 297 238 309 202 318 168 244 300 243 254 243 222 244 190 211 322 190 295 177 277 165 260 
230 394 288 382 332 356 366 337 393 320 317 302 352 252 374 221 391 191 281 293 296 238 308 199 317 162 243 302 240 251 239 214 238 178 209 324 185 292 169 271 155 250 
243 407 305 396 356 369 388 341 409 317 324 304 358 253 379 221 398 191 286 293 299 233 312 192 321 153 247 302 240 247 241 208 241 173 212 326 187 291 171 268 156 246 
244 413 306 403 360 375 389 346 410 320 330 308 362 256 382 223 399 193 289 296 301 235 313 193 321 155 249 303 241 247 239 209 240 174 212 324 187 289 171 265 158 243 
248 438 309 431 356 399 395 375 430 360 338 313 371 258 391 222 406 187 298 299 311 230 324 184 332 140 258 307 252 245 250 199 250 157 222 331 200 288 185 260 172 230 
252 448 313 438 362 404 401 382 435 370 343 317 375 261 394 225 410 190 303 303 314 232 326 185 333 142 263 310 255 246 253 198 252 155 226 333 204 290 188 260 175 229 
264 466 324 453 373 417 415 396 451 383 351 324 378 266 395 228 406 192 309 309 317 234 326 186 330 144 268 317 259 249 256 200 254 155 231 340 208 295 193 264 180 232 
269 475 329 458 380 422 422 399 457 384 353 327 380 267 394 228 404 192 311 313 319 236 326 187 330 144 271 320 261 251 257 202 254 158 234 343 209 297 192 265 179 233 
275 479 333 460 384 427 426 403 461 390 352 328 378 268 393 229 403 193 310 315 316 237 322 188 325 146 271 321 260 252 255 203 252 160 235 344 209 297 192 265 179 234 
276 480 335 461 386 427 427 404 462 390 352 327 378 267 392 229 401 193 310 315 317 237 322 188 323 146 271 323 261 252 255 203 250 158 235 346 209 298 192 265 178 233 
279 483 338 463 389 430 431 406 466 391 351 329 375 268 388 229 397 194 309 317 313 239 317 189 319 148 271 324 258 254 251 206 246 163 236 347 209 300 191 268 176 237 
285 484 342 464 391 430 433 406 467 389 351 327 373 266 385 228 392 194 309 315 310 238 313 190 313 149 271 323 257 253 248 206 240 163 237 348 208 300 188 268 173 237 
291 485 348 463 396 429 436 404 469 387 351 326 370 265 380 227 386 193 309 315 308 238 309 190 307 149 271 323 255 254 245 207 237 166 238 347 208 300 188 269 172 238 
299 485 355 461 400 424 437 396 467 377 348 323 363 263 369 225 371 192 306 314 299 237 296 191 291 153 271 322 251 253 238 208 227 169 240 346 209 299 188 268 171 238 
303 486 358 460 400 421 435 390 464 370 346 320 357 261 360 224 360 191 305 312 294 237 289 191 282 155 270 321 248 254 234 209 221 171 240 346 208 301 187 271 169 242 
301 489 358 463 400 422 436 390 465 369 346 320 357 260 359 222 359 189 305 312 294 237 289 192 283 156 270 321 248 254 235 210 222 171 240 347 208 301 187 271 169 242 
306 491 361 463 400 417 434 383 464 364 339 319 344 257 344 219 340 187 300 313 287 238 280 194 272 159 268 323 246 255 231 212 216 174 240 348 209 302 187 273 168 245 
311 491 364 460 398 412 429 376 457 356 334 318 334 256 330 218 325 186 298 314 281 241 271 198 261 163 268 324 244 258 229 216 213 178 243 348 211 304 189 275 169 249 
315 487 366 457 400 411 430 376 458 356 334 317 334 254 331 217 328 184 299 314 280 241 270 198 261 164 269 324 244 257 228 213 213 175 245 348 212 304 189 274 170 246 
337 486 376 445 393 389 409 352 426 328 325 310 310 251 301 216 292 186 299 311 264 244 245 201 228 166 280 325 244 260 223 220 203 184 268 354 229 314 205 286 182 262 
343 480 381 437 394 381 407 343 422 322 324 306 306 248 295 214 286 184 302 308 263 244 243 202 225 168 287 324 247 263 227 224 208 190 280 351 243 316 219 290 196 265 
344 478 382 435 395 379 408 344 423 322 323 305 305 247 295 214 285 184 301 309 263 244 244 202 226 168 286 325 248 263 227 224 207 189 280 353 243 317 220 291 197 269 
350 474 385 428 394 372 402 335 410 313 326 305 306 247 294 213 283 182 306 311 266 247 246 205 227 171 294 328 256 268 239 230 220 196 290 357 260 321 240 295 218 272 
354 469 384 417 388 359 397 319 408 292 327 305 302 243 289 207 277 176 310 312 268 246 246 202 225 167 301 332 264 271 248 233 231 201 301 361 280 327 261 300 239 277 
343 461 363 401 364 348 374 314 377 283 299 306 279 243 263 201 250 165 300 314 277 245 261 198 245 154 312 333 289 267 275 224 261 185 334 357 322 327 306 304 290 282 
333 470 355 410 351 353 356 314 356 278 287 327 280 251 274 207 266 170 291 336 277 250 268 196 256 147 311 356 299 274 293 228 284 186 343 379 341 344 336 316 331 286 
330 468 349 409 338 351 334 311 328 276 288 325 287 250 284 201 280 161 293 337 288 251 282 193 274 141 311 358 307 280 304 231 299 185 339 384 339 351 337 323 338 293 
333 466 350 412 341 355 338 314 335 278 290 327 290 253 288 204 284 164 294 337 288 252 282 193 274 140 311 356 306 278 303 229 298 184 339 382 338 348 337 320 337 292 
320 461 312 407 298 347 292 302 288 268 285 327 293 245 294 193 292 151 294 337 298 244 296 184 292 130 313 358 314 272 317 224 317 179 342 384 346 348 347 321 349 292 
309 452 308 398 300 337 302 292 305 256 286 313 299 232 305 178 310 135 294 324 304 230 311 169 317 116 310 347 316 265 323 218 328 174 335 377 338 342 340 316 345 287 
306 445 360 389 368 336 373 301 383 267 338 279 347 217 354 171 363 131 326 293 335 220 342 169 348 121 315 323 321 258 332 217 339 178 308 363 309 328 311 299 313 270 
305 442 357 396 366 342 371 304 383 273 359 281 366 214 375 169 383 130 343 290 347 214 352 160 358 113 324 315 322 246 327 201 334 160 305 352 298 319 298 292 299 264 
298 434 352 389 372 332 391 289 406 253 354 277 367 210 380 167 392 130 338 285 343 208 353 156 360 112 319 308 318 239 325 194 332 154 301 343 293 308 288 279 282 251 
274 427 327 401 366 362 389 330 402 312 347 276 371 209 386 169 400 136 323 272 336 197 346 148 353 107 297 287 300 218 305 174 312 134 272 317 256 280 247 252 241 224 
265 425 320 401 363 364 392 335 410 314 341 273 369 209 388 170 403 136 313 268 328 193 339 143 346 102 284 279 284 211 289 165 294 124 256 306 238 266 229 236 221 209 
256 424 313 403 360 371 392 343 417 318 335 272 364 209 383 170 399 136 303 263 319 188 331 137 338 95 270 270 270 202 273 155 277 113 238 294 217 249 205 217 197 188 
255 423 313 405 361 370 393 341 418 319 336 271 364 209 384 171 400 137 304 261 319 185 330 135 337 93 272 268 273 200 276 154 280 113 239 291 218 248 205 217 193 190 
243 422 304 406 356 375 391 349 423 328 331 270 361 207 380 169 395 134 295 258 312 182 323 132 329 90 259 263 257 194 257 145 258 101 222 285 200 238 186 205 175 174 
233 418 297 404 354 373 393 349 427 332 325 267 356 206 376 169 391 134 286 252 304 177 314 128 320 86 248 258 246 187 244 137 244 92 210 279 186 230 171 195 160 163 
217 419 284 406 343 378 387 355 425 341 314 269 347 209 366 170 382 133 272 250 287 176 298 126 306 83 230 253 226 183 225 133 226 89 190 272 165 222 149 188 138 154 
211 418 277 408 335 380 382 358 424 348 309 268 345 210 366 171 382 134 267 249 283 174 294 124 300 81 225 251 221 181 219 131 219 88 184 270 160 218 145 184 133 151 
210 419 277 408 338 379 385 358 426 348 310 269 344 210 365 171 380 134 267 249 284 173 294 125 300 82 224 251 220 181 219 131 218 88 183 270 159 218 143 183 131 150 
206 421 273 411 333 385 382 364 426 354 307 272 343 213 364 173 381 136 263 251 280 175 290 126 297 83 221 252 217 182 215 133 215 90 180 270 155 219 140 184 129 151 
204 421 271 414 332 391 382 371 427 362 307 276 343 217 364 177 380 138 264 254 281 177 292 128 300 85 220 254 216 183 215 134 215 90 179 272 154 219 139 184 128 150 
201 423 268 419 332 399 383 383 430 377 311 282 345 223 366 183 384 145 267 257 286 180 297 131 305 88 222 255 219 183 218 134 219 91 179 272 155 219 141 184 130 150 
197 424 264 426 331 410 384 402 431 403 316 292 356 236 380 198 399 162 273 264 297 187 310 138 319 95 228 258 231 185 233 136 237 93 182 271 162 217 150 182 142 148 
194 429 259 431 325 418 379 410 426 414 313 296 355 240 381 203 404 167 270 267 297 191 314 142 328 97 226 260 232 188 236 138 243 93 182 272 164 217 154 181 147 146 
190 427 255 431 322 420 376 414 423 422 309 299 353 244 380 208 403 172 268 269 299 193 318 145 333 101 225 261 233 189 239 139 246 94 181 272 165 216 155 179 149 143 
189 426 254 431 321 420 375 415 422 423 309 299 353 244 380 207 404 171 268 269 298 193 317 145 332 101 224 261 232 188 239 139 246 94 180 271 165 215 155 178 150 142 
185 426 250 434 317 425 371 421 417 430 306 302 350 249 378 213 403 178 266 271 297 197 317 149 333 105 223 263 232 191 240 141 248 97 179 272 164 216 156 180 151 144 
177 434 242 443 307 438 359 440 404 448 296 316 339 263 368 227 393 194 256 284 288 210 310 162 329 119 213 274 223 200 230 152 240 108 170 283 157 228 148 190 145 154 
176 434 240 444 307 439 360 439 405 447 295 317 341 265 369 229 395 194 256 285 288 210 310 163 328 119 214 275 224 203 232 153 241 109 170 284 157 227 149 190 144 153 
176 436 239 445 306 441 358 442 403 451 294 322 339 270 367 234 392 199 254 289 285 214 306 166 325 122 211 279 220 205 228 156 237 111 167 288 154 230 146 193 142 156 
177 438 240 447 308 441 360 441 406 450 294 324 340 272 369 236 394 201 253 292 283 217 305 169 324 125 210 282 218 208 225 159 235 114 166 291 152 233 143 195 139 158 
181 433 245 440 312 434 364 432 409 439 296 317 342 265 370 230 395 195 253 288 283 215 304 167 321 123 209 280 216 208 221 159 230 114 165 290 148 233 137 196 131 159 
184 424 249 430 315 425 367 423 413 427 297 312 342 261 370 226 395 192 254 283 283 210 303 163 320 119 209 276 214 204 219 156 227 110 165 286 146 231 135 194 128 158 
183 427 248 433 314 426 365 423 413 430 297 313 342 262 370 227 395 194 254 284 283 212 303 164 320 120 210 277 215 204 219 155 228 110 166 287 147 232 135 197 128 161 
184 404 251 409 314 403 363 398 409 393 295 300 338 246 364 211 390 175 250 275 275 204 294 157 309 111 204 272 202 204 204 156 208 110 160 287 134 235 117 201 105 167 
183 402 249 404 312 395 359 388 406 384 291 295 335 240 363 206 388 171 247 273 273 201 290 153 304 108 201 271 198 202 198 154 202 110 157 287 131 236 113 204 101 171 
180 394 247 395 310 386 358 379 405 372 290 295 332 241 359 207 383 172 246 274 269 205 286 158 299 114 200 273 195 209 193 163 195 119 157 289 130 242 109 214 93 184 
180 395 246 395 308 384 359 378 406 371 290 294 334 239 362 205 387 170 246 272 269 203 286 157 299 111 201 272 194 209 193 163 196 119 158 289 128 243 108 215 92 185 
175 392 240 390 302 377 351 368 398 361 285 287 330 232 358 197 383 161 241 267 263 199 278 152 290 105 196 269 188 204 185 160 187 116 153 288 123 241 101 214 85 186 
165 384 232 374 291 352 341 340 388 331 277 276 321 218 348 182 372 146 234 262 251 193 266 146 277 99 189 270 178 206 175 163 174 120 147 293 114 253 90 230 70 207 
167 380 235 365 296 335 348 321 393 314 275 267 315 208 341 171 364 137 232 257 246 189 260 142 270 97 188 269 177 209 172 166 168 124 148 297 114 261 90 237 68 213 
166 377 233 357 291 324 337 304 376 288 271 257 310 196 334 159 356 124 229 250 243 182 255 135 264 91 186 265 175 207 171 165 167 124 148 296 114 266 90 245 68 224 
169 370 233 346 282 305 326 280 367 266 267 248 301 188 323 150 341 114 228 246 238 176 247 129 253 85 188 263 175 206 169 163 164 121 152 296 116 269 92 250 69 230 
178 368 237 336 280 289 317 259 352 237 261 245 292 179 312 139 331 103 232 248 241 180 252 133 259 89 200 270 189 218 185 179 181 139 171 306 140 288 122 275 105 258 
179 372 239 339 279 290 314 255 349 226 266 250 294 182 314 141 332 105 238 255 249 188 261 142 269 98 207 277 197 227 195 191 193 154 178 313 154 297 141 285 127 269 
187 377 245 343 284 292 315 255 346 225 274 252 299 185 319 146 337 112 247 259 258 193 270 149 277 106 217 283 207 234 208 201 209 165 187 319 165 303 154 296 144 284 
185 378 245 343 283 292 314 254 346 225 274 254 300 187 320 147 338 112 246 260 258 193 270 147 278 104 215 283 206 235 208 202 210 166 185 319 163 304 152 295 141 281 
195 395 252 350 286 292 312 250 339 215 284 268 308 202 330 160 350 124 262 282 277 217 292 173 304 131 235 312 235 268 244 237 252 203 207 353 196 344 195 337 191 323 
198 402 256 353 288 297 314 258 340 222 286 270 310 205 329 163 349 125 267 284 284 223 304 179 322 136 241 315 239 278 253 252 267 222 213 357 199 354 202 351 205 339 
196 404 255 356 287 299 314 257 342 220 286 271 311 206 330 163 350 126 267 284 283 222 302 177 318 134 240 314 241 279 252 254 264 227 211 355 199 354 203 350 206 339 
198 411 261 362 295 298 321 252 348 214 290 276 315 215 333 172 353 134 269 291 286 233 304 190 320 147 241 322 243 287 257 259 273 228 212 363 204 360 212 358 221 349 
197 414 260 364 298 303 324 257 349 216 284 273 311 217 332 174 352 136 264 290 287 236 307 194 326 153 239 322 251 292 266 268 282 241 213 366 210 371 218 373 227 369 
191 414 253 355 294 296 318 250 337 205 271 280 309 225 335 182 361 144 254 301 285 249 310 203 333 160 234 338 254 309 272 282 289 254 215 386 218 397 227 393 237 383 
186 412 241 356 284 301 312 258 333 219 264 280 310 227 340 186 368 150 250 300 289 250 318 207 342 166 233 339 262 311 284 289 304 265 215 388 222 395 233 392 245 384 
187 412 239 355 280 301 307 259 327 221 264 281 309 227 339 186 366 150 251 301 289 251 316 209 340 168 234 339 262 311 283 289 303 265 215 386 221 393 232 391 244 384 
199 415 262 365 303 304 332 257 360 217 288 283 325 228 353 184 380 145 268 299 296 249 320 207 342 166 243 332 261 301 280 277 300 251 215 375 215 379 224 377 237 372 
201 412 270 363 316 303 350 257 376 217 308 289 344 235 369 196 394 161 285 301 310 248 333 203 353 159 253 330 261 295 279 265 298 235 218 366 215 361 223 357 231 349 
208 405 275 362 319 305 353 261 380 223 310 285 342 225 367 187 392 152 288 298 311 240 334 200 354 161 257 326 259 290 271 266 283 238 223 363 212 356 209 352 206 340 
196 404 263 369 310 318 347 282 381 251 303 296 343 236 371 197 399 164 279 304 305 241 330 199 352 159 245 326 247 283 261 255 273 223 210 358 197 343 189 335 181 320 
208 399 270 370 316 320 355 285 391 256 312 290 350 230 378 193 405 160 285 298 304 238 324 199 342 160 250 320 246 275 253 243 262 206 212 351 191 335 178 323 167 304 
201 400 266 374 311 324 351 287 389 260 310 295 349 236 378 199 404 166 283 301 305 240 327 200 345 159 248 321 247 274 254 242 261 205 211 351 191 334 177 323 165 305 
205 397 272 372 324 324 366 291 409 266 312 293 353 236 382 200 411 167 283 298 302 241 323 202 342 161 247 317 241 272 247 239 255 200 209 347 184 329 169 316 155 296 
205 393 271 374 324 329 369 298 412 276 313 295 356 239 387 206 417 177 282 297 301 240 322 200 341 160 244 314 237 267 243 232 250 193 205 343 178 323 160 309 144 288 
207 391 272 371 325 330 368 303 409 284 313 298 357 245 388 213 417 183 280 297 299 240 322 201 340 162 241 312 234 262 239 227 245 187 201 339 169 317 150 300 134 279 
204 391 266 376 320 347 367 330 408 312 307 302 354 250 382 218 408 187 269 294 289 235 309 194 326 154 226 303 219 250 220 212 222 173 184 326 151 294 130 271 112 248 
203 394 264 384 314 360 360 344 402 331 303 300 349 247 376 216 401 185 263 288 281 226 298 184 313 143 218 295 210 239 210 196 209 156 176 317 140 280 117 255 98 231 
197 390 261 384 313 362 361 345 405 329 302 302 347 249 374 217 399 185 262 288 280 227 298 185 313 142 218 294 211 237 208 195 207 155 176 314 142 276 119 253 99 230 
187 403 250 401 309 380 362 367 410 360 289 292 327 236 353 200 375 164 244 271 261 203 274 155 284 108 197 272 188 205 185 158 181 114 152 291 123 241 101 210 82 181 
185 409 250 407 312 390 360 376 406 363 288 290 332 232 356 193 377 154 241 268 259 193 271 143 280 96 193 268 183 198 180 148 180 103 148 286 116 234 96 202 82 168 
184 414 251 409 317 388 367 373 412 362 287 286 327 224 350 183 369 144 239 264 256 187 268 136 275 88 191 264 183 192 180 142 180 95 147 282 117 230 97 196 82 162 
183 414 251 408 316 388 367 372 414 361 287 287 327 225 351 184 370 145 239 264 256 187 267 136 275 88 191 264 183 192 180 142 179 95 148 282 117 230 97 197 82 163 
181 420 249 411 316 389 367 371 414 360 287 282 325 218 348 177 368 137 238 260 255 181 267 129 275 81 191 261 182 188 179 137 179 90 147 281 117 228 98 193 84 158 
182 427 249 415 316 387 368 365 414 354 283 276 320 213 341 171 359 131 236 255 254 175 266 122 273 75 190 258 181 184 179 133 179 86 146 279 118 226 102 190 90 154 
184 428 251 416 316 388 367 365 413 352 282 275 318 211 339 169 355 127 235 255 253 173 264 121 271 75 189 258 181 184 179 132 179 85 146 279 119 226 104 189 93 153 
186 430 253 419 317 391 367 366 414 349 281 276 317 211 336 168 352 126 234 256 253 173 264 121 271 76 189 259 183 185 182 134 183 87 145 280 120 227 105 191 95 155 
187 430 254 419 317 391 367 365 414 349 282 276 317 212 336 168 350 127 235 256 253 174 264 122 271 76 189 260 183 185 182 134 183 88 145 281 120 227 105 190 94 154 
185 438 255 422 319 388 368 359 411 341 277 273 308 207 325 166 340 127 231 257 247 178 258 128 266 84 188 262 183 189 183 141 185 97 146 284 123 231 109 196 99 161 
189 438 258 420 321 385 369 356 409 336 276 271 305 207 322 166 336 129 230 257 244 178 254 129 262 88 187 262 183 189 183 141 184 98 147 284 124 231 110 196 101 160 
190 437 259 419 321 384 369 355 409 334 274 271 303 207 319 167 332 130 230 257 242 179 252 131 259 90 187 263 183 191 183 143 184 100 148 286 125 234 112 198 103 162 
190 437 259 419 322 384 369 355 409 334 275 271 304 207 320 167 333 130 230 257 242 179 252 131 259 90 187 263 184 191 183 143 185 100 147 285 125 234 112 198 103 162 
191 439 261 419 323 384 369 354 408 332 275 270 302 207 318 167 330 130 230 258 240 181 250 133 257 92 188 264 183 193 183 146 185 103 148 287 127 235 115 200 108 164 
195 441 264 420 327 384 371 353 407 328 274 272 298 209 312 170 325 135 230 261 237 187 247 140 257 101 189 269 183 201 188 158 197 119 150 291 133 242 126 209 126 175 
197 443 265 422 327 385 371 354 406 326 274 274 297 212 310 174 324 139 230 263 237 190 247 145 258 107 189 270 183 206 189 165 201 129 151 293 134 246 130 216 132 186 
200 446 267 424 329 386 372 354 405 325 273 276 295 214 308 177 323 144 230 266 236 194 246 150 259 116 190 274 181 212 189 176 204 148 153 296 136 251 134 224 141 201 
201 444 268 423 330 384 373 352 404 321 273 274 291 215 304 179 319 150 230 264 230 195 240 154 257 128 191 271 181 208 193 178 214 164 154 293 138 243 146 222 166 216 
201 445 268 423 330 383 373 351 404 320 272 274 291 215 304 180 319 151 229 264 229 195 240 154 257 127 190 271 181 208 193 178 214 162 153 292 137 242 147 221 167 214 
204 446 270 421 330 381 372 348 402 316 270 275 288 217 301 184 317 158 229 265 226 198 237 160 254 139 192 273 179 211 195 183 221 173 157 295 140 246 154 224 180 220 
204 442 269 415 328 373 365 340 390 308 266 273 276 217 292 191 310 176 228 265 218 199 235 172 258 168 194 273 178 208 202 195 232 205 162 291 148 240 167 230 193 240 
204 439 268 413 327 369 364 333 380 299 265 275 273 218 290 195 308 184 228 267 218 202 237 181 258 184 194 273 180 208 206 202 233 218 162 289 156 238 175 237 197 257 
203 435 269 411 326 366 360 328 370 293 264 275 270 223 286 199 303 190 227 268 214 202 235 184 257 193 193 274 179 208 204 208 228 233 162 289 160 238 179 240 197 265 
205 433 270 412 326 367 360 329 374 296 264 275 268 223 284 200 300 192 227 268 215 202 235 185 256 193 194 274 179 208 205 209 227 234 162 289 161 238 180 242 196 267 
207 433 271 413 327 368 360 329 369 293 264 275 265 223 280 202 295 198 227 269 214 199 235 186 256 202 194 275 179 208 204 209 226 237 161 291 161 239 180 243 196 270 
207 434 272 414 328 368 360 327 367 288 264 277 265 224 280 202 293 200 227 270 215 199 236 186 255 205 193 276 179 208 204 209 225 238 161 293 161 240 179 243 195 270 
206 434 272 413 329 367 360 326 367 287 264 277 265 224 280 201 292 199 226 271 214 199 235 187 255 205 194 276 178 208 203 209 225 239 161 293 161 240 179 243 194 270 
206 435 271 414 326 368 358 326 365 288 262 277 264 224 278 202 292 200 225 271 213 200 235 187 254 206 192 277 178 208 203 209 223 238 160 293 159 240 178 243 193 270 
206 435 270 413 326 368 358 329 365 290 261 277 262 223 278 203 293 201 224 271 213 200 235 189 255 209 191 277 176 208 201 209 222 238 158 293 157 240 176 242 192 268 
209 441 269 416 323 370 357 330 370 293 256 277 261 224 274 199 290 187 219 271 213 210 226 185 247 182 187 277 174 221 185 197 208 194 156 296 139 251 144 228 161 222 
209 436 271 412 324 367 357 329 374 295 254 274 261 222 276 196 296 180 215 267 209 204 221 174 244 161 182 273 170 215 184 186 210 172 152 291 135 245 140 218 159 202 
209 436 271 410 322 367 357 332 377 299 252 275 262 222 278 194 297 173 214 268 209 202 221 168 242 146 181 274 172 213 186 180 210 157 151 292 134 245 137 215 152 191 
210 436 272 409 323 366 358 333 379 301 251 274 261 220 276 191 295 166 213 267 209 202 220 166 239 138 181 274 171 214 184 179 204 149 151 294 136 246 137 215 147 186 
222 435 282 407 331 365 366 331 385 297 254 274 261 219 276 189 294 162 217 267 209 202 219 163 238 133 187 275 174 213 187 176 209 146 160 295 143 247 144 214 155 185 
229 436 288 408 338 366 373 331 391 296 259 274 266 220 281 189 300 165 223 268 216 203 228 166 248 141 192 276 180 216 192 180 215 155 165 296 149 249 152 218 166 195 
230 435 288 406 337 364 371 329 388 294 259 274 265 220 281 189 300 165 223 268 216 203 228 165 248 141 193 275 179 216 191 180 215 157 166 294 148 248 152 218 167 196 
238 435 296 406 346 364 379 330 394 294 267 274 272 222 287 193 306 171 231 268 224 206 236 170 257 149 200 275 189 215 204 182 229 161 174 294 156 246 163 217 182 198 
247 436 305 406 353 364 386 329 397 292 275 275 278 223 293 196 313 176 240 270 232 209 245 175 268 157 210 277 196 219 212 188 239 173 183 296 166 249 175 221 196 206 
248 437 305 407 352 364 385 328 399 291 276 276 278 226 293 197 311 177 242 270 235 210 250 177 272 159 212 277 199 218 215 187 241 171 184 295 167 248 176 220 197 203 
272 436 327 409 372 367 401 333 416 302 299 276 303 223 321 198 341 184 268 271 260 208 282 185 308 181 241 279 223 219 247 199 278 199 217 297 197 249 213 227 241 224 
284 439 339 412 382 370 415 335 426 306 312 278 319 228 337 203 355 186 282 272 279 212 298 185 322 173 254 278 241 221 262 196 292 187 229 296 212 250 225 226 251 217 
299 442 354 420 399 381 434 352 458 326 336 284 349 231 369 204 392 182 305 276 305 213 324 176 346 148 277 281 268 223 285 186 306 157 251 299 238 254 241 221 250 192 
300 441 356 420 404 383 441 356 468 332 345 285 360 232 379 202 399 178 312 276 312 211 327 171 345 139 283 282 273 221 286 182 303 150 259 301 243 254 239 220 241 191 
299 442 357 423 406 388 445 363 476 342 355 287 373 233 388 201 403 173 321 277 323 210 336 169 349 136 290 283 282 219 290 177 300 141 263 302 246 255 239 223 236 192 
298 442 357 422 407 387 446 362 476 341 358 287 372 232 388 201 403 174 322 277 322 209 335 168 348 134 290 282 281 218 290 177 301 141 262 301 246 254 239 221 236 189 
298 443 357 426 408 392 448 369 480 351 365 290 380 236 394 203 406 175 328 278 329 209 338 168 348 133 294 283 285 218 290 176 297 139 265 303 248 255 239 222 235 190 
297 445 357 426 409 393 451 371 484 354 368 292 384 238 396 204 407 175 330 280 332 210 340 168 349 133 296 284 287 219 288 177 293 139 267 303 249 257 240 225 234 194 
295 446 356 427 409 394 451 373 486 359 368 294 385 238 397 205 410 177 330 281 333 211 342 170 350 135 296 286 287 221 289 178 294 140 266 305 248 259 240 227 235 195 
295 448 355 428 408 394 450 373 485 359 365 295 382 239 398 206 414 178 327 283 329 213 341 172 353 139 294 288 285 224 292 181 302 143 265 307 250 260 246 227 246 195 
296 452 356 430 407 396 446 374 478 353 359 294 375 240 393 211 414 185 324 284 322 217 338 180 360 152 292 290 281 229 297 192 320 162 266 310 251 263 251 230 258 201 
296 452 353 430 403 397 441 375 467 349 354 291 372 237 394 220 415 222 320 282 320 217 338 197 357 203 289 289 274 230 293 213 318 218 261 309 244 261 257 242 280 241 
292 453 351 429 402 396 439 374 460 346 353 291 363 238 380 221 396 221 320 283 313 218 331 201 349 210 289 290 270 229 292 219 318 232 260 309 242 261 258 247 283 255 
290 450 350 428 400 397 435 374 451 343 354 292 363 237 380 219 394 218 321 284 312 218 331 202 349 214 290 291 269 228 293 221 320 239 262 308 243 259 261 248 286 260 
292 450 350 428 399 397 431 374 444 341 351 293 356 236 374 221 389 224 318 285 308 216 329 203 348 218 288 291 268 228 293 221 318 241 260 309 243 260 261 249 285 261 
291 449 350 429 399 396 432 372 446 342 351 291 356 236 372 218 384 220 318 284 307 217 327 201 344 216 288 291 269 228 292 221 317 241 260 309 244 260 261 250 285 263 
289 449 349 428 398 396 430 373 442 341 350 290 353 234 368 218 380 221 317 283 306 215 326 202 342 218 287 290 267 227 291 222 316 243 258 309 242 259 260 249 284 262 
286 452 344 429 394 397 427 373 442 341 343 292 350 238 366 218 380 213 310 284 301 221 319 201 337 205 281 291 261 231 284 219 311 231 254 309 236 261 252 247 277 253 
286 450 342 431 392 397 427 373 447 343 343 294 363 242 387 221 408 216 310 285 314 222 335 201 356 208 280 291 268 231 285 212 307 217 250 310 233 263 243 242 262 240 
284 448 340 430 391 397 428 372 453 344 340 295 359 245 380 219 402 202 308 284 316 223 340 198 368 190 278 287 269 227 291 198 321 183 249 305 233 259 241 231 262 216 
286 447 342 429 391 396 428 371 453 344 340 295 359 245 378 219 399 200 308 284 313 224 336 199 364 190 278 287 268 227 290 199 321 184 250 305 232 258 241 230 262 214 
284 443 342 425 392 393 430 370 460 347 338 291 352 239 368 210 388 185 305 281 305 219 320 183 340 155 274 286 266 228 280 193 300 162 246 304 233 258 234 226 242 197 
279 441 339 425 391 394 433 372 467 353 340 290 355 239 372 209 390 182 303 278 306 215 320 176 335 142 271 281 264 220 273 182 286 149 242 299 227 254 221 222 218 191 
276 441 337 424 391 394 435 375 473 364 340 289 357 237 371 205 385 175 304 276 308 210 317 169 325 133 271 279 265 215 267 175 270 137 241 297 223 252 213 220 207 189 
274 442 336 425 390 395 434 375 473 365 340 289 359 236 373 204 386 174 304 276 309 208 318 167 325 132 271 279 264 215 264 174 266 136 241 298 222 253 212 221 204 190 
274 443 335 426 389 395 434 376 473 364 339 289 359 236 376 204 391 175 303 276 309 208 318 167 327 132 270 280 263 216 265 175 268 137 240 299 222 254 212 223 206 192 
276 445 337 425 389 394 432 373 467 356 337 292 356 239 376 209 397 183 300 280 301 214 315 175 333 143 268 286 257 225 269 187 287 153 240 306 225 261 226 230 233 201 
279 444 337 424 388 393 427 370 457 345 336 292 354 242 374 215 396 193 300 280 301 216 316 182 337 161 268 285 256 227 272 194 298 173 239 304 222 260 229 234 247 216 
279 444 336 424 387 391 425 366 447 338 334 289 350 243 368 217 388 200 299 278 296 218 310 188 331 177 268 281 254 224 274 200 304 195 239 299 220 253 234 230 260 226 
281 443 337 423 387 390 424 366 446 338 333 288 348 242 367 218 387 202 299 277 295 217 311 187 333 175 268 281 254 223 276 200 308 195 240 299 220 252 236 230 264 226 
281 440 338 420 386 388 421 362 439 331 333 285 348 241 369 219 388 206 299 274 293 215 311 191 331 189 268 279 250 221 273 206 303 212 239 298 218 252 234 234 262 237 
279 440 336 418 384 388 419 362 433 330 330 285 344 244 365 227 385 218 297 275 292 216 311 194 332 192 267 279 249 223 274 210 304 217 240 297 219 252 236 237 263 241 
277 439 334 418 383 388 417 363 429 330 332 284 345 244 365 227 382 221 298 274 292 216 308 197 326 200 267 280 249 223 274 213 303 224 238 298 218 253 236 239 263 245 
275 439 333 417 383 388 417 363 429 331 334 283 348 242 366 225 382 218 299 274 292 215 309 197 326 201 267 279 249 223 273 213 302 224 237 298 217 252 235 239 262 246 
272 438 333 417 383 388 416 363 428 329 337 283 348 240 364 220 376 214 300 273 292 213 307 196 323 204 267 279 247 222 270 213 296 227 236 298 215 252 232 238 258 246 
272 442 329 422 379 390 417 365 437 336 332 288 352 241 371 218 389 206 297 277 299 221 314 197 334 191 264 283 252 227 269 205 295 202 233 301 215 257 224 234 245 227 
273 438 330 421 380 389 417 366 443 341 327 289 340 239 355 210 373 186 290 279 288 218 302 185 321 164 258 283 247 227 260 194 282 169 231 302 214 260 214 231 223 208 
270 437 330 421 382 391 422 368 455 346 328 289 341 236 357 206 376 178 291 277 290 213 303 174 318 141 258 280 250 219 260 182 273 150 229 297 211 252 203 220 199 190 
269 439 329 423 381 392 422 369 454 347 326 288 340 235 356 206 375 178 289 277 290 212 303 174 318 142 257 280 250 220 260 184 273 152 228 299 211 253 204 221 199 191 
268 439 328 423 381 393 423 370 458 352 327 288 344 235 358 203 373 173 290 275 293 209 302 169 313 134 257 279 251 216 255 176 261 140 228 298 209 252 199 220 192 189 
265 441 326 425 380 395 423 372 459 355 328 289 345 235 358 202 370 171 291 275 295 209 302 168 309 133 258 279 252 215 252 174 253 137 227 298 208 253 196 222 187 191 
263 442 325 425 379 395 423 373 460 357 329 289 346 235 359 203 371 172 291 276 296 208 303 167 310 132 257 280 251 216 251 175 251 137 227 299 207 255 196 223 186 193 
263 444 325 426 379 395 422 373 459 357 328 290 346 236 360 203 374 173 291 278 295 210 305 169 314 134 257 282 251 219 253 178 257 140 226 302 207 257 198 225 191 193 
264 444 325 426 379 395 422 373 457 354 326 291 343 237 360 205 377 176 288 279 292 212 305 173 319 140 255 284 247 222 254 183 265 147 225 304 208 259 201 226 198 195 
265 443 326 426 379 394 422 372 458 354 327 290 342 237 358 205 375 176 289 278 291 212 304 174 318 140 255 283 248 222 255 182 266 147 225 303 208 258 202 226 199 196 
265 444 326 425 378 394 420 371 452 349 326 291 340 238 357 209 376 182 287 279 287 215 301 179 320 149 253 285 243 226 256 190 275 159 224 306 209 261 207 230 212 201 
266 448 324 426 374 397 407 372 421 339 324 287 340 241 358 218 374 205 288 277 286 217 303 195 322 193 256 283 239 227 261 213 289 219 225 303 205 258 222 240 249 242 
265 448 324 426 374 397 409 373 424 340 323 288 337 240 354 216 370 203 288 278 284 218 301 195 321 194 255 283 239 226 261 212 290 220 225 303 205 257 221 240 248 243 
264 447 324 425 374 396 406 370 413 335 324 287 335 241 350 220 362 209 288 277 281 217 298 199 315 201 256 283 237 225 262 217 291 229 226 302 207 256 224 243 251 251 
262 448 323 426 373 397 402 369 406 332 320 290 328 245 345 230 360 226 286 280 277 218 297 203 316 210 254 286 234 226 261 220 290 236 226 305 206 257 224 245 249 256 
262 447 322 425 371 395 400 367 407 329 317 290 322 240 339 227 353 230 284 280 275 216 298 205 318 222 253 286 233 226 260 219 287 239 223 306 203 256 221 245 246 259 
261 447 322 424 372 395 402 368 410 331 319 288 322 238 338 226 351 231 284 279 273 215 295 205 314 223 252 286 231 226 257 220 283 240 221 305 200 257 218 245 242 258 
260 449 320 427 371 396 403 369 414 334 316 289 321 240 335 220 346 215 281 281 271 218 288 202 305 213 249 287 229 228 253 219 280 235 220 306 200 259 215 244 240 251 
260 449 320 427 371 396 402 368 414 333 315 290 322 241 334 218 344 209 281 281 272 218 288 200 305 208 249 286 231 227 255 218 282 232 220 305 201 257 217 243 243 251 
259 451 317 430 369 397 405 371 426 341 316 294 335 245 354 219 374 204 280 283 284 223 301 196 321 190 248 288 238 231 254 207 279 203 218 308 202 263 208 238 226 228 
258 448 318 430 370 397 408 372 433 348 316 294 328 241 343 212 361 187 280 283 278 219 293 184 312 157 247 287 239 228 251 192 269 164 218 306 200 262 194 232 193 205 
253 448 314 431 369 400 414 378 452 364 319 292 336 237 350 204 361 173 282 279 286 211 294 168 299 130 247 284 236 219 231 177 228 137 216 306 193 260 178 230 166 199 
248 452 312 435 368 403 414 382 454 371 321 293 339 237 351 203 361 170 283 280 287 210 291 167 294 130 248 286 237 221 230 177 223 137 216 308 192 261 176 230 163 199 
250 453 313 434 370 401 415 381 456 372 321 293 340 237 353 203 364 171 283 281 287 211 291 168 292 131 248 286 237 221 230 177 224 137 215 308 191 262 175 230 162 200 
249 452 313 434 370 401 416 381 457 375 321 293 340 237 352 203 362 172 283 280 287 211 291 168 293 132 248 286 238 221 230 177 224 137 215 308 192 262 175 230 162 200 
249 451 313 433 370 400 415 380 456 372 320 292 340 236 353 203 364 171 282 280 287 210 292 168 296 132 247 286 238 222 233 178 229 137 215 308 193 262 179 231 167 199 
249 452 313 433 368 401 412 379 448 363 318 294 339 238 355 204 369 173 279 282 284 213 294 171 303 135 244 289 236 225 238 183 242 145 213 311 194 266 186 233 181 202 
249 451 312 434 368 402 412 380 448 363 318 293 339 237 353 204 367 173 279 282 285 213 295 171 304 135 244 288 236 225 238 184 242 147 213 310 193 266 184 233 179 202 
248 458 310 436 363 407 395 382 399 349 314 294 332 243 351 217 370 201 279 283 278 219 297 193 317 190 247 291 232 231 253 216 280 223 216 313 195 265 210 249 236 255 
250 456 311 435 362 407 391 381 391 345 316 292 330 240 345 215 359 202 280 283 273 219 290 199 308 200 247 291 229 230 253 221 282 233 216 312 196 264 213 252 239 261 
251 455 312 435 363 406 393 380 390 343 316 292 330 241 345 217 359 203 280 283 273 220 290 200 310 202 247 290 229 231 253 222 282 234 216 312 196 265 212 252 238 261 
251 454 312 433 362 405 391 379 385 345 315 291 326 240 340 216 352 204 279 283 273 219 291 201 310 206 246 290 229 229 255 222 283 237 215 312 196 264 213 253 239 264 
249 454 311 432 361 403 390 375 381 343 314 293 321 244 336 227 350 227 279 283 273 219 292 203 312 213 246 290 228 229 253 222 281 239 214 312 195 263 213 252 237 265 
249 453 310 433 360 403 387 374 375 342 313 292 318 241 334 225 347 229 277 283 271 218 293 205 313 219 245 291 227 228 252 222 278 242 213 313 194 263 212 253 236 268 
248 455 310 434 360 403 387 374 379 341 313 293 316 242 332 226 347 228 277 283 270 218 292 204 312 219 245 291 226 229 250 223 276 243 212 313 192 264 209 252 233 267 
249 455 308 435 359 403 388 374 393 339 312 293 320 244 334 223 346 218 276 283 269 220 288 201 307 209 243 291 225 231 248 222 275 237 211 313 191 264 209 253 233 265 
246 453 307 436 361 404 400 379 428 356 312 296 329 241 345 210 363 183 273 285 274 219 286 181 303 151 238 290 230 231 240 196 257 168 206 310 187 267 177 235 172 207 
245 454 307 438 361 407 404 385 439 367 314 295 332 239 344 205 357 174 275 283 274 214 280 171 285 136 240 288 228 223 223 181 221 142 209 310 187 265 172 234 161 204 
244 455 306 440 363 407 407 387 446 376 317 294 333 238 343 204 351 172 278 281 275 211 274 170 272 136 243 287 229 223 218 181 209 142 212 310 187 264 170 234 155 204 
245 456 307 439 363 407 407 385 446 373 316 293 332 237 344 203 353 171 277 281 274 211 274 169 272 134 243 288 229 224 219 182 210 144 212 311 187 264 169 233 155 204 
245 457 307 440 363 407 408 387 447 377 319 294 335 238 345 204 353 172 280 282 276 211 274 169 269 134 245 287 231 223 219 182 208 145 212 311 186 264 168 234 153 206 
246 456 308 440 363 407 407 387 446 378 319 294 334 237 344 203 351 171 279 281 275 210 274 168 270 133 244 287 230 223 219 182 209 144 212 311 186 265 168 235 153 206 
244 457 307 440 363 407 407 387 447 377 317 296 337 240 350 206 360 173 277 283 277 212 280 170 281 135 242 290 229 224 222 181 217 141 211 313 187 268 173 237 161 207 
245 456 308 438 362 406 405 384 444 372 314 296 335 241 351 207 365 176 273 285 273 214 280 173 287 139 238 292 225 229 224 185 226 145 209 317 188 273 179 242 174 211 
246 458 307 438 360 407 399 384 433 364 311 296 333 242 350 211 369 185 270 285 269 217 280 178 296 149 237 293 219 233 226 195 242 163 208 317 187 273 187 244 195 221 
244 462 303 438 353 404 385 380 410 355 308 296 328 247 346 218 363 199 268 286 256 222 269 190 290 178 235 294 211 236 228 210 257 201 208 317 184 273 196 252 221 248 
244 459 302 436 349 401 381 375 404 348 305 291 325 242 344 213 362 197 267 282 253 219 270 192 291 191 235 292 210 232 230 209 260 211 208 316 183 270 198 251 226 253 
242 459 300 434 347 399 378 374 399 345 302 289 321 240 340 212 357 198 266 281 249 219 268 195 292 197 234 292 207 229 230 214 261 221 208 317 185 271 203 257 230 263 
242 458 300 434 346 399 378 373 398 345 302 289 321 240 340 212 356 199 266 281 249 219 269 195 292 197 234 292 207 229 231 214 261 222 208 316 185 271 203 257 230 263 
241 458 300 433 346 398 375 372 393 343 299 289 312 245 330 224 346 216 263 282 246 217 268 198 292 204 233 293 207 227 233 217 263 229 208 318 190 270 211 262 238 274 
242 455 300 431 344 397 370 371 381 338 299 290 300 234 315 218 326 223 265 285 247 215 269 204 287 222 235 296 210 228 237 226 260 250 208 320 193 270 214 266 235 285 
242 454 300 430 343 397 370 370 381 338 299 290 305 236 319 220 329 227 265 285 249 215 270 204 288 223 234 296 211 228 237 227 260 251 207 320 193 270 214 265 235 284 
242 454 300 431 343 397 369 370 380 338 300 290 303 235 319 220 330 228 265 285 250 214 272 204 289 226 235 297 212 229 237 226 260 250 207 321 193 270 213 265 233 283 
244 454 300 430 342 396 369 370 380 338 300 290 303 235 320 220 331 227 265 286 250 215 273 205 291 228 235 298 212 229 238 226 261 251 207 322 192 271 212 265 233 284 
242 455 299 433 342 400 369 374 381 343 299 291 302 236 318 221 330 230 265 287 251 216 274 206 291 230 234 298 211 230 237 228 259 253 206 323 190 270 209 265 228 284 
243 455 300 432 342 400 370 375 381 344 299 292 302 238 319 223 331 230 265 287 251 217 274 207 292 229 234 299 211 231 237 228 259 253 206 323 190 271 208 265 227 285 
243 454 300 432 342 400 370 375 381 345 299 291 300 235 317 221 329 229 264 287 250 216 274 206 292 230 234 299 211 232 236 228 258 253 205 324 189 271 208 265 228 285 
240 455 298 434 341 402 369 378 382 351 298 292 306 240 324 221 335 223 263 287 245 215 268 203 286 224 232 300 207 232 234 231 257 256 204 325 187 272 207 268 228 288 
240 455 298 435 342 403 370 379 382 351 298 292 303 236 320 218 332 222 262 288 240 214 264 203 283 225 230 301 204 232 232 232 254 258 202 326 186 273 207 269 226 289 
239 457 297 436 342 404 370 381 383 354 300 292 306 237 322 218 332 221 262 288 242 214 264 203 283 225 230 301 204 232 231 232 254 257 202 327 185 275 205 271 225 290 
240 457 297 435 342 404 371 381 383 353 300 292 306 237 322 217 333 220 262 288 241 214 264 202 283 224 230 300 204 232 231 231 254 257 202 326 185 274 205 270 225 289 
238 457 296 436 342 406 370 383 383 356 300 293 307 239 323 217 332 218 262 288 241 215 264 204 282 225 230 301 204 233 230 232 253 257 202 327 185 275 204 271 224 290 
236 460 293 438 339 408 367 386 382 360 296 295 304 243 321 223 336 224 259 288 239 221 258 202 279 212 228 300 200 236 223 228 248 245 201 326 181 278 198 271 220 285 
237 459 293 439 338 407 367 386 382 361 291 293 296 238 314 221 331 226 255 287 235 217 257 200 280 213 225 299 196 232 222 226 250 245 198 325 178 276 196 270 220 284 
236 460 292 438 338 405 367 383 385 358 293 292 300 238 316 217 330 215 256 287 234 217 255 199 278 210 224 299 194 232 220 224 249 239 197 324 174 275 193 268 219 281 
236 458 293 437 338 401 369 378 392 354 293 289 300 235 314 212 327 207 256 284 234 215 253 197 275 207 223 296 192 229 218 220 249 235 196 322 171 274 189 265 215 276 
235 460 292 437 339 399 372 376 402 353 292 289 302 234 317 206 328 193 254 284 233 216 252 195 274 201 223 296 192 228 217 216 248 226 196 321 169 273 188 262 215 272 
233 461 291 437 339 400 373 377 404 356 294 290 306 234 319 202 331 186 256 284 234 216 251 193 273 195 223 295 192 228 215 212 245 219 196 320 170 272 186 260 213 269 
233 462 291 439 339 402 373 378 405 357 294 292 307 237 322 207 336 191 255 284 234 218 249 192 271 190 222 295 192 230 212 210 243 212 196 319 167 273 181 258 208 262 
233 462 291 439 339 401 373 378 404 357 292 290 304 235 318 203 331 185 254 283 233 217 248 191 270 190 222 294 191 230 212 210 242 213 196 319 167 273 182 259 210 264 
235 462 291 439 339 403 374 379 406 357 293 292 307 236 320 202 333 185 254 284 234 217 248 189 270 184 221 295 190 231 209 207 239 205 195 320 164 275 177 257 204 258 
234 462 291 439 339 403 374 379 406 358 292 291 306 235 319 201 332 182 253 284 233 217 248 188 271 184 221 295 191 231 209 207 239 205 195 320 164 275 177 257 204 258 
235 462 292 440 340 404 376 380 409 360 291 294 309 238 321 206 333 183 251 286 236 218 249 183 269 166 219 295 191 234 206 201 231 182 193 320 163 276 172 255 196 245 
236 461 293 440 340 406 375 381 408 362 293 293 313 238 325 205 339 181 251 285 239 218 251 183 271 163 218 296 190 237 198 202 218 178 193 321 164 279 165 255 178 238 
233 461 291 440 339 405 374 381 407 362 292 293 311 237 324 204 337 179 252 286 240 217 251 182 268 159 218 296 194 238 200 201 215 172 194 322 169 281 163 253 165 227 
233 462 290 440 338 404 374 382 407 363 292 293 311 237 324 205 339 180 252 285 240 216 251 182 268 159 219 296 193 238 199 202 212 173 194 322 169 282 163 254 164 228 
232 461 290 439 339 404 374 381 407 363 291 293 310 239 323 206 338 179 251 285 238 216 248 181 265 158 217 296 192 236 197 200 210 170 193 321 168 281 157 251 152 223 
231 460 290 439 339 404 375 381 408 363 291 293 310 239 324 206 338 177 250 285 240 216 249 178 262 147 217 295 194 237 196 199 205 164 192 321 165 280 152 251 145 222 
232 460 291 440 339 404 375 380 409 363 292 293 311 239 324 205 338 175 250 285 240 216 249 177 262 146 217 295 193 236 195 197 204 162 192 320 164 280 151 250 143 222 
230 459 290 439 338 403 374 379 407 362 290 293 310 238 324 204 337 174 249 285 238 215 247 176 260 145 215 295 192 236 193 197 201 162 189 320 162 280 148 250 141 222 
231 459 290 438 338 401 373 377 405 360 289 293 309 237 322 202 336 173 247 285 236 215 245 176 256 144 213 295 190 236 191 197 197 161 187 321 160 281 146 251 137 222 
228 459 288 438 336 401 371 376 404 360 288 292 306 236 319 201 331 169 246 284 236 214 241 173 249 139 213 295 191 234 187 192 188 154 187 321 159 280 142 251 131 222 
229 460 288 438 335 401 370 377 404 360 288 293 306 236 319 201 331 169 247 285 236 215 241 173 248 139 213 296 191 234 187 192 188 154 188 323 159 282 143 252 131 223 
228 460 288 438 335 401 370 376 404 360 288 292 306 236 318 201 330 169 246 285 236 215 240 173 247 139 213 296 191 235 187 193 188 155 188 322 159 282 142 252 131 223 
229 460 288 438 335 401 370 377 403 360 288 293 306 237 318 201 330 170 247 286 235 215 240 173 247 139 213 297 191 235 186 193 187 155 188 323 159 283 143 253 132 224 
229 460 288 438 335 401 370 377 403 360 287 293 306 237 318 201 330 169 246 286 235 215 240 173 247 139 213 297 191 236 187 194 188 155 187 323 159 283 143 254 132 224 
229 460 287 438 335 402 369 378 403 360 287 293 306 237 318 201 330 169 246 286 235 215 240 173 248 139 212 297 190 236 186 194 187 156 187 324 159 284 143 254 132 225 
229 461 287 439 335 402 369 378 403 361 287 293 306 236 318 201 330 169 246 286 235 216 241 173 248 139 213 298 190 236 186 194 188 155 188 324 159 284 143 254 132 225 
230 460 287 438 334 401 369 377 402 361 287 294 305 237 318 201 330 169 246 286 235 216 240 174 248 139 212 298 190 236 186 194 187 155 187 324 159 284 143 255 132 226 
227 461 286 439 333 401 369 377 402 361 286 294 304 237 317 201 329 170 244 287 234 216 240 174 249 140 211 299 189 237 186 195 187 156 186 325 157 285 141 255 131 225 
226 462 286 440 335 403 371 377 404 358 285 295 303 238 315 203 327 171 243 288 233 218 238 175 246 140 209 299 188 238 184 196 186 158 183 326 155 286 139 256 129 227 
227 462 286 440 336 405 371 380 404 359 287 297 306 238 318 202 331 170 245 290 238 219 245 177 255 143 210 302 192 240 192 198 196 161 183 330 159 289 147 259 138 230 
226 462 286 440 336 404 372 379 405 359 286 297 306 239 319 203 331 171 244 290 238 220 245 178 254 143 210 302 192 241 190 199 194 161 183 330 159 289 147 259 139 230 
224 466 284 444 336 409 372 383 405 360 286 301 307 242 321 205 335 173 244 294 241 223 251 181 263 146 208 306 193 244 195 203 202 165 179 333 159 293 150 264 144 235 
221 471 282 447 333 411 367 382 393 355 281 304 302 246 315 211 330 182 242 298 240 231 250 190 265 159 207 310 194 253 201 223 215 201 176 336 160 294 160 267 169 247 
218 475 275 447 323 408 353 375 373 341 273 309 284 250 292 217 302 191 240 306 244 241 257 209 274 189 208 316 205 256 221 240 241 239 174 338 163 287 179 273 200 276 
212 486 266 452 309 407 332 368 331 333 262 335 273 272 295 304 296 335 233 336 243 268 268 310 270 346 200 343 210 282 238 316 243 350 163 356 166 303 191 318 202 346 
215 490 265 458 305 413 325 375 326 341 265 341 269 281 288 308 294 338 235 344 244 284 264 330 265 367 201 352 211 301 235 343 237 377 164 367 175 322 197 349 203 379 
230 531 274 504 311 455 319 415 307 383 277 387 288 336 308 382 310 420 246 392 263 344 285 399 285 438 211 404 231 359 257 412 260 451 173 424 196 389 224 422 230 452 
202 546 252 521 298 493 326 471 334 449 274 410 299 379 318 419 323 457 247 411 281 392 303 439 305 477 216 420 253 415 275 456 277 489 184 439 218 438 240 466 245 491 
-1 -1 -1 -1 -1 -1 -1 -1 -1 -1 -1 -1 -1 -1 -1 -1 -1 -1 -1 -1 -1 -1 -1 -1 -1 -1 -1 -1 -1 -1 -1 -1 -1 -1 -1 -1 -1 -1 -1 -1 -1 -1 
-1 -1 -1 -1 -1 -1 -1 -1 -1 -1 -1 -1 -1 -1 -1 -1 -1 -1 -1 -1 -1 -1 -1 -1 -1 -1 -1 -1 -1 -1 -1 -1 -1 -1 -1 -1 -1 -1 -1 -1 -1 -1 
-1 -1 -1 -1 -1 -1 -1 -1 -1 -1 -1 -1 -1 -1 -1 -1 -1 -1 -1 -1 -1 -1 -1 -1 -1 -1 -1 -1 -1 -1 -1 -1 -1 -1 -1 -1 -1 -1 -1 -1 -1 -1 
-1 -1 -1 -1 -1 -1 -1 -1 -1 -1 -1 -1 -1 -1 -1 -1 -1 -1 -1 -1 -1 -1 -1 -1 -1 -1 -1 -1 -1 -1 -1 -1 -1 -1 -1 -1 -1 -1 -1 -1 -1 -1 
-1 -1 -1 -1 -1 -1 -1 -1 -1 -1 -1 -1 -1 -1 -1 -1 -1 -1 -1 -1 -1 -1 -1 -1 -1 -1 -1 -1 -1 -1 -1 -1 -1 -1 -1 -1 -1 -1 -1 -1 -1 -1 
-1 -1 -1 -1 -1 -1 -1 -1 -1 -1 -1 -1 -1 -1 -1 -1 -1 -1 -1 -1 -1 -1 -1 -1 -1 -1 -1 -1 -1 -1 -1 -1 -1 -1 -1 -1 -1 -1 -1 -1 -1 -1 
-1 -1 -1 -1 -1 -1 -1 -1 -1 -1 -1 -1 -1 -1 -1 -1 -1 -1 -1 -1 -1 -1 -1 -1 -1 -1 -1 -1 -1 -1 -1 -1 -1 -1 -1 -1 -1 -1 -1 -1 -1 -1 
-1 -1 -1 -1 -1 -1 -1 -1 -1 -1 -1 -1 -1 -1 -1 -1 -1 -1 -1 -1 -1 -1 -1 -1 -1 -1 -1 -1 -1 -1 -1 -1 -1 -1 -1 -1 -1 -1 -1 -1 -1 -1 
-1 -1 -1 -1 -1 -1 -1 -1 -1 -1 -1 -1 -1 -1 -1 -1 -1 -1 -1 -1 -1 -1 -1 -1 -1 -1 -1 -1 -1 -1 -1 -1 -1 -1 -1 -1 -1 -1 -1 -1 -1 -1 
-1 -1 -1 -1 -1 -1 -1 -1 -1 -1 -1 -1 -1 -1 -1 -1 -1 -1 -1 -1 -1 -1 -1 -1 -1 -1 -1 -1 -1 -1 -1 -1 -1 -1 -1 -1 -1 -1 -1 -1 -1 -1 
-1 -1 -1 -1 -1 -1 -1 -1 -1 -1 -1 -1 -1 -1 -1 -1 -1 -1 -1 -1 -1 -1 -1 -1 -1 -1 -1 -1 -1 -1 -1 -1 -1 -1 -1 -1 -1 -1 -1 -1 -1 -1 
-1 -1 -1 -1 -1 -1 -1 -1 -1 -1 -1 -1 -1 -1 -1 -1 -1 -1 -1 -1 -1 -1 -1 -1 -1 -1 -1 -1 -1 -1 -1 -1 -1 -1 -1 -1 -1 -1 -1 -1 -1 -1 
-1 -1 -1 -1 -1 -1 -1 -1 -1 -1 -1 -1 -1 -1 -1 -1 -1 -1 -1 -1 -1 -1 -1 -1 -1 -1 -1 -1 -1 -1 -1 -1 -1 -1 -1 -1 -1 -1 -1 -1 -1 -1 
-1 -1 -1 -1 -1 -1 -1 -1 -1 -1 -1 -1 -1 -1 -1 -1 -1 -1 -1 -1 -1 -1 -1 -1 -1 -1 -1 -1 -1 -1 -1 -1 -1 -1 -1 -1 -1 -1 -1 -1 -1 -1 
-1 -1 -1 -1 -1 -1 -1 -1 -1 -1 -1 -1 -1 -1 -1 -1 -1 -1 -1 -1 -1 -1 -1 -1 -1 -1 -1 -1 -1 -1 -1 -1 -1 -1 -1 -1 -1 -1 -1 -1 -1 -1 
-1 -1 -1 -1 -1 -1 -1 -1 -1 -1 -1 -1 -1 -1 -1 -1 -1 -1 -1 -1 -1 -1 -1 -1 -1 -1 -1 -1 -1 -1 -1 -1 -1 -1 -1 -1 -1 -1 -1 -1 -1 -1 
-1 -1 -1 -1 -1 -1 -1 -1 -1 -1 -1 -1 -1 -1 -1 -1 -1 -1 -1 -1 -1 -1 -1 -1 -1 -1 -1 -1 -1 -1 -1 -1 -1 -1 -1 -1 -1 -1 -1 -1 -1 -1 
-1 -1 -1 -1 -1 -1 -1 -1 -1 -1 -1 -1 -1 -1 -1 -1 -1 -1 -1 -1 -1 -1 -1 -1 -1 -1 -1 -1 -1 -1 -1 -1 -1 -1 -1 -1 -1 -1 -1 -1 -1 -1 
-1 -1 -1 -1 -1 -1 -1 -1 -1 -1 -1 -1 -1 -1 -1 -1 -1 -1 -1 -1 -1 -1 -1 -1 -1 -1 -1 -1 -1 -1 -1 -1 -1 -1 -1 -1 -1 -1 -1 -1 -1 -1 
-1 -1 -1 -1 -1 -1 -1 -1 -1 -1 -1 -1 -1 -1 -1 -1 -1 -1 -1 -1 -1 -1 -1 -1 -1 -1 -1 -1 -1 -1 -1 -1 -1 -1 -1 -1 -1 -1 -1 -1 -1 -1 
-1 -1 -1 -1 -1 -1 -1 -1 -1 -1 -1 -1 -1 -1 -1 -1 -1 -1 -1 -1 -1 -1 -1 -1 -1 -1 -1 -1 -1 -1 -1 -1 -1 -1 -1 -1 -1 -1 -1 -1 -1 -1 
-1 -1 -1 -1 -1 -1 -1 -1 -1 -1 -1 -1 -1 -1 -1 -1 -1 -1 -1 -1 -1 -1 -1 -1 -1 -1 -1 -1 -1 -1 -1 -1 -1 -1 -1 -1 -1 -1 -1 -1 -1 -1 
-1 -1 -1 -1 -1 -1 -1 -1 -1 -1 -1 -1 -1 -1 -1 -1 -1 -1 -1 -1 -1 -1 -1 -1 -1 -1 -1 -1 -1 -1 -1 -1 -1 -1 -1 -1 -1 -1 -1 -1 -1 -1 
-1 -1 -1 -1 -1 -1 -1 -1 -1 -1 -1 -1 -1 -1 -1 -1 -1 -1 -1 -1 -1 -1 -1 -1 -1 -1 -1 -1 -1 -1 -1 -1 -1 -1 -1 -1 -1 -1 -1 -1 -1 -1 
-1 -1 -1 -1 -1 -1 -1 -1 -1 -1 -1 -1 -1 -1 -1 -1 -1 -1 -1 -1 -1 -1 -1 -1 -1 -1 -1 -1 -1 -1 -1 -1 -1 -1 -1 -1 -1 -1 -1 -1 -1 -1 
-1 -1 -1 -1 -1 -1 -1 -1 -1 -1 -1 -1 -1 -1 -1 -1 -1 -1 -1 -1 -1 -1 -1 -1 -1 -1 -1 -1 -1 -1 -1 -1 -1 -1 -1 -1 -1 -1 -1 -1 -1 -1 
-1 -1 -1 -1 -1 -1 -1 -1 -1 -1 -1 -1 -1 -1 -1 -1 -1 -1 -1 -1 -1 -1 -1 -1 -1 -1 -1 -1 -1 -1 -1 -1 -1 -1 -1 -1 -1 -1 -1 -1 -1 -1 
