-1 -1 -1 -1 -1 -1 -1 -1 -1 -1 -1 -1 -1 -1 -1 -1 -1 -1 -1 -1 -1 -1 -1 -1 -1 -1 -1 -1 -1 -1 -1 -1 -1 -1 -1 -1 -1 -1 -1 -1 -1 -1 
-1 -1 -1 -1 -1 -1 -1 -1 -1 -1 -1 -1 -1 -1 -1 -1 -1 -1 -1 -1 -1 -1 -1 -1 -1 -1 -1 -1 -1 -1 -1 -1 -1 -1 -1 -1 -1 -1 -1 -1 -1 -1 
-1 -1 -1 -1 -1 -1 -1 -1 -1 -1 -1 -1 -1 -1 -1 -1 -1 -1 -1 -1 -1 -1 -1 -1 -1 -1 -1 -1 -1 -1 -1 -1 -1 -1 -1 -1 -1 -1 -1 -1 -1 -1 
-1 -1 -1 -1 -1 -1 -1 -1 -1 -1 -1 -1 -1 -1 -1 -1 -1 -1 -1 -1 -1 -1 -1 -1 -1 -1 -1 -1 -1 -1 -1 -1 -1 -1 -1 -1 -1 -1 -1 -1 -1 -1 
-1 -1 -1 -1 -1 -1 -1 -1 -1 -1 -1 -1 -1 -1 -1 -1 -1 -1 -1 -1 -1 -1 -1 -1 -1 -1 -1 -1 -1 -1 -1 -1 -1 -1 -1 -1 -1 -1 -1 -1 -1 -1 
-1 -1 -1 -1 -1 -1 -1 -1 -1 -1 -1 -1 -1 -1 -1 -1 -1 -1 -1 -1 -1 -1 -1 -1 -1 -1 -1 -1 -1 -1 -1 -1 -1 -1 -1 -1 -1 -1 -1 -1 -1 -1 
-1 -1 -1 -1 -1 -1 -1 -1 -1 -1 -1 -1 -1 -1 -1 -1 -1 -1 -1 -1 -1 -1 -1 -1 -1 -1 -1 -1 -1 -1 -1 -1 -1 -1 -1 -1 -1 -1 -1 -1 -1 -1 
-1 -1 -1 -1 -1 -1 -1 -1 -1 -1 -1 -1 -1 -1 -1 -1 -1 -1 -1 -1 -1 -1 -1 -1 -1 -1 -1 -1 -1 -1 -1 -1 -1 -1 -1 -1 -1 -1 -1 -1 -1 -1 
-1 -1 -1 -1 -1 -1 -1 -1 -1 -1 -1 -1 -1 -1 -1 -1 -1 -1 -1 -1 -1 -1 -1 -1 -1 -1 -1 -1 -1 -1 -1 -1 -1 -1 -1 -1 -1 -1 -1 -1 -1 -1 
-1 -1 -1 -1 -1 -1 -1 -1 -1 -1 -1 -1 -1 -1 -1 -1 -1 -1 -1 -1 -1 -1 -1 -1 -1 -1 -1 -1 -1 -1 -1 -1 -1 -1 -1 -1 -1 -1 -1 -1 -1 -1 
-1 -1 -1 -1 -1 -1 -1 -1 -1 -1 -1 -1 -1 -1 -1 -1 -1 -1 -1 -1 -1 -1 -1 -1 -1 -1 -1 -1 -1 -1 -1 -1 -1 -1 -1 -1 -1 -1 -1 -1 -1 -1 
-1 -1 -1 -1 -1 -1 -1 -1 -1 -1 -1 -1 -1 -1 -1 -1 -1 -1 -1 -1 -1 -1 -1 -1 -1 -1 -1 -1 -1 -1 -1 -1 -1 -1 -1 -1 -1 -1 -1 -1 -1 -1 
-1 -1 -1 -1 -1 -1 -1 -1 -1 -1 -1 -1 -1 -1 -1 -1 -1 -1 -1 -1 -1 -1 -1 -1 -1 -1 -1 -1 -1 -1 -1 -1 -1 -1 -1 -1 -1 -1 -1 -1 -1 -1 
-1 -1 -1 -1 -1 -1 -1 -1 -1 -1 -1 -1 -1 -1 -1 -1 -1 -1 -1 -1 -1 -1 -1 -1 -1 -1 -1 -1 -1 -1 -1 -1 -1 -1 -1 -1 -1 -1 -1 -1 -1 -1 
-1 -1 -1 -1 -1 -1 -1 -1 -1 -1 -1 -1 -1 -1 -1 -1 -1 -1 -1 -1 -1 -1 -1 -1 -1 -1 -1 -1 -1 -1 -1 -1 -1 -1 -1 -1 -1 -1 -1 -1 -1 -1 
-1 -1 -1 -1 -1 -1 -1 -1 -1 -1 -1 -1 -1 -1 -1 -1 -1 -1 -1 -1 -1 -1 -1 -1 -1 -1 -1 -1 -1 -1 -1 -1 -1 -1 -1 -1 -1 -1 -1 -1 -1 -1 
-1 -1 -1 -1 -1 -1 -1 -1 -1 -1 -1 -1 -1 -1 -1 -1 -1 -1 -1 -1 -1 -1 -1 -1 -1 -1 -1 -1 -1 -1 -1 -1 -1 -1 -1 -1 -1 -1 -1 -1 -1 -1 
-1 -1 -1 -1 -1 -1 -1 -1 -1 -1 -1 -1 -1 -1 -1 -1 -1 -1 -1 -1 -1 -1 -1 -1 -1 -1 -1 -1 -1 -1 -1 -1 -1 -1 -1 -1 -1 -1 -1 -1 -1 -1 
-1 -1 -1 -1 -1 -1 -1 -1 -1 -1 -1 -1 -1 -1 -1 -1 -1 -1 -1 -1 -1 -1 -1 -1 -1 -1 -1 -1 -1 -1 -1 -1 -1 -1 -1 -1 -1 -1 -1 -1 -1 -1 
-1 -1 -1 -1 -1 -1 -1 -1 -1 -1 -1 -1 -1 -1 -1 -1 -1 -1 -1 -1 -1 -1 -1 -1 -1 -1 -1 -1 -1 -1 -1 -1 -1 -1 -1 -1 -1 -1 -1 -1 -1 -1 
-1 -1 -1 -1 -1 -1 -1 -1 -1 -1 -1 -1 -1 -1 -1 -1 -1 -1 -1 -1 -1 -1 -1 -1 -1 -1 -1 -1 -1 -1 -1 -1 -1 -1 -1 -1 -1 -1 -1 -1 -1 -1 
-1 -1 -1 -1 -1 -1 -1 -1 -1 -1 -1 -1 -1 -1 -1 -1 -1 -1 -1 -1 -1 -1 -1 -1 -1 -1 -1 -1 -1 -1 -1 -1 -1 -1 -1 -1 -1 -1 -1 -1 -1 -1 
-1 -1 -1 -1 -1 -1 -1 -1 -1 -1 -1 -1 -1 -1 -1 -1 -1 -1 -1 -1 -1 -1 -1 -1 -1 -1 -1 -1 -1 -1 -1 -1 -1 -1 -1 -1 -1 -1 -1 -1 -1 -1 
-1 -1 -1 -1 -1 -1 -1 -1 -1 -1 -1 -1 -1 -1 -1 -1 -1 -1 -1 -1 -1 -1 -1 -1 -1 -1 -1 -1 -1 -1 -1 -1 -1 -1 -1 -1 -1 -1 -1 -1 -1 -1 
-1 -1 -1 -1 -1 -1 -1 -1 -1 -1 -1 -1 -1 -1 -1 -1 -1 -1 -1 -1 -1 -1 -1 -1 -1 -1 -1 -1 -1 -1 -1 -1 -1 -1 -1 -1 -1 -1 -1 -1 -1 -1 
-1 -1 -1 -1 -1 -1 -1 -1 -1 -1 -1 -1 -1 -1 -1 -1 -1 -1 -1 -1 -1 -1 -1 -1 -1 -1 -1 -1 -1 -1 -1 -1 -1 -1 -1 -1 -1 -1 -1 -1 -1 -1 
-1 -1 -1 -1 -1 -1 -1 -1 -1 -1 -1 -1 -1 -1 -1 -1 -1 -1 -1 -1 -1 -1 -1 -1 -1 -1 -1 -1 -1 -1 -1 -1 -1 -1 -1 -1 -1 -1 -1 -1 -1 -1 
-1 -1 -1 -1 -1 -1 -1 -1 -1 -1 -1 -1 -1 -1 -1 -1 -1 -1 -1 -1 -1 -1 -1 -1 -1 -1 -1 -1 -1 -1 -1 -1 -1 -1 -1 -1 -1 -1 -1 -1 -1 -1 
-1 -1 -1 -1 -1 -1 -1 -1 -1 -1 -1 -1 -1 -1 -1 -1 -1 -1 -1 -1 -1 -1 -1 -1 -1 -1 -1 -1 -1 -1 -1 -1 -1 -1 -1 -1 -1 -1 -1 -1 -1 -1 
-1 -1 -1 -1 -1 -1 -1 -1 -1 -1 -1 -1 -1 -1 -1 -1 -1 -1 -1 -1 -1 -1 -1 -1 -1 -1 -1 -1 -1 -1 -1 -1 -1 -1 -1 -1 -1 -1 -1 -1 -1 -1 
-1 -1 -1 -1 -1 -1 -1 -1 -1 -1 -1 -1 -1 -1 -1 -1 -1 -1 -1 -1 -1 -1 -1 -1 -1 -1 -1 -1 -1 -1 -1 -1 -1 -1 -1 -1 -1 -1 -1 -1 -1 -1 
-1 -1 -1 -1 -1 -1 -1 -1 -1 -1 -1 -1 -1 -1 -1 -1 -1 -1 -1 -1 -1 -1 -1 -1 -1 -1 -1 -1 -1 -1 -1 -1 -1 -1 -1 -1 -1 -1 -1 -1 -1 -1 
-1 -1 -1 -1 -1 -1 -1 -1 -1 -1 -1 -1 -1 -1 -1 -1 -1 -1 -1 -1 -1 -1 -1 -1 -1 -1 -1 -1 -1 -1 -1 -1 -1 -1 -1 -1 -1 -1 -1 -1 -1 -1 
-1 -1 -1 -1 -1 -1 -1 -1 -1 -1 -1 -1 -1 -1 -1 -1 -1 -1 -1 -1 -1 -1 -1 -1 -1 -1 -1 -1 -1 -1 -1 -1 -1 -1 -1 -1 -1 -1 -1 -1 -1 -1 
-1 -1 -1 -1 -1 -1 -1 -1 -1 -1 -1 -1 -1 -1 -1 -1 -1 -1 -1 -1 -1 -1 -1 -1 -1 -1 -1 -1 -1 -1 -1 -1 -1 -1 -1 -1 -1 -1 -1 -1 -1 -1 
-1 -1 -1 -1 -1 -1 -1 -1 -1 -1 -1 -1 -1 -1 -1 -1 -1 -1 -1 -1 -1 -1 -1 -1 -1 -1 -1 -1 -1 -1 -1 -1 -1 -1 -1 -1 -1 -1 -1 -1 -1 -1 
-1 -1 -1 -1 -1 -1 -1 -1 -1 -1 -1 -1 -1 -1 -1 -1 -1 -1 -1 -1 -1 -1 -1 -1 -1 -1 -1 -1 -1 -1 -1 -1 -1 -1 -1 -1 -1 -1 -1 -1 -1 -1 
-1 -1 -1 -1 -1 -1 -1 -1 -1 -1 -1 -1 -1 -1 -1 -1 -1 -1 -1 -1 -1 -1 -1 -1 -1 -1 -1 -1 -1 -1 -1 -1 -1 -1 -1 -1 -1 -1 -1 -1 -1 -1 
-1 -1 -1 -1 -1 -1 -1 -1 -1 -1 -1 -1 -1 -1 -1 -1 -1 -1 -1 -1 -1 -1 -1 -1 -1 -1 -1 -1 -1 -1 -1 -1 -1 -1 -1 -1 -1 -1 -1 -1 -1 -1 
-1 -1 -1 -1 -1 -1 -1 -1 -1 -1 -1 -1 -1 -1 -1 -1 -1 -1 -1 -1 -1 -1 -1 -1 -1 -1 -1 -1 -1 -1 -1 -1 -1 -1 -1 -1 -1 -1 -1 -1 -1 -1 
-1 -1 -1 -1 -1 -1 -1 -1 -1 -1 -1 -1 -1 -1 -1 -1 -1 -1 -1 -1 -1 -1 -1 -1 -1 -1 -1 -1 -1 -1 -1 -1 -1 -1 -1 -1 -1 -1 -1 -1 -1 -1 
-1 -1 -1 -1 -1 -1 -1 -1 -1 -1 -1 -1 -1 -1 -1 -1 -1 -1 -1 -1 -1 -1 -1 -1 -1 -1 -1 -1 -1 -1 -1 -1 -1 -1 -1 -1 -1 -1 -1 -1 -1 -1 
-1 -1 -1 -1 -1 -1 -1 -1 -1 -1 -1 -1 -1 -1 -1 -1 -1 -1 -1 -1 -1 -1 -1 -1 -1 -1 -1 -1 -1 -1 -1 -1 -1 -1 -1 -1 -1 -1 -1 -1 -1 -1 
-1 -1 -1 -1 -1 -1 -1 -1 -1 -1 -1 -1 -1 -1 -1 -1 -1 -1 -1 -1 -1 -1 -1 -1 -1 -1 -1 -1 -1 -1 -1 -1 -1 -1 -1 -1 -1 -1 -1 -1 -1 -1 
-1 -1 -1 -1 -1 -1 -1 -1 -1 -1 -1 -1 -1 -1 -1 -1 -1 -1 -1 -1 -1 -1 -1 -1 -1 -1 -1 -1 -1 -1 -1 -1 -1 -1 -1 -1 -1 -1 -1 -1 -1 -1 
-1 -1 -1 -1 -1 -1 -1 -1 -1 -1 -1 -1 -1 -1 -1 -1 -1 -1 -1 -1 -1 -1 -1 -1 -1 -1 -1 -1 -1 -1 -1 -1 -1 -1 -1 -1 -1 -1 -1 -1 -1 -1 
-1 -1 -1 -1 -1 -1 -1 -1 -1 -1 -1 -1 -1 -1 -1 -1 -1 -1 -1 -1 -1 -1 -1 -1 -1 -1 -1 -1 -1 -1 -1 -1 -1 -1 -1 -1 -1 -1 -1 -1 -1 -1 
-1 -1 -1 -1 -1 -1 -1 -1 -1 -1 -1 -1 -1 -1 -1 -1 -1 -1 -1 -1 -1 -1 -1 -1 -1 -1 -1 -1 -1 -1 -1 -1 -1 -1 -1 -1 -1 -1 -1 -1 -1 -1 
-1 -1 -1 -1 -1 -1 -1 -1 -1 -1 -1 -1 -1 -1 -1 -1 -1 -1 -1 -1 -1 -1 -1 -1 -1 -1 -1 -1 -1 -1 -1 -1 -1 -1 -1 -1 -1 -1 -1 -1 -1 -1 
-1 -1 -1 -1 -1 -1 -1 -1 -1 -1 -1 -1 -1 -1 -1 -1 -1 -1 -1 -1 -1 -1 -1 -1 -1 -1 -1 -1 -1 -1 -1 -1 -1 -1 -1 -1 -1 -1 -1 -1 -1 -1 
-1 -1 -1 -1 -1 -1 -1 -1 -1 -1 -1 -1 -1 -1 -1 -1 -1 -1 -1 -1 -1 -1 -1 -1 -1 -1 -1 -1 -1 -1 -1 -1 -1 -1 -1 -1 -1 -1 -1 -1 -1 -1 
-1 -1 -1 -1 -1 -1 -1 -1 -1 -1 -1 -1 -1 -1 -1 -1 -1 -1 -1 -1 -1 -1 -1 -1 -1 -1 -1 -1 -1 -1 -1 -1 -1 -1 -1 -1 -1 -1 -1 -1 -1 -1 
-1 -1 -1 -1 -1 -1 -1 -1 -1 -1 -1 -1 -1 -1 -1 -1 -1 -1 -1 -1 -1 -1 -1 -1 -1 -1 -1 -1 -1 -1 -1 -1 -1 -1 -1 -1 -1 -1 -1 -1 -1 -1 
-1 -1 -1 -1 -1 -1 -1 -1 -1 -1 -1 -1 -1 -1 -1 -1 -1 -1 -1 -1 -1 -1 -1 -1 -1 -1 -1 -1 -1 -1 -1 -1 -1 -1 -1 -1 -1 -1 -1 -1 -1 -1 
-1 -1 -1 -1 -1 -1 -1 -1 -1 -1 -1 -1 -1 -1 -1 -1 -1 -1 -1 -1 -1 -1 -1 -1 -1 -1 -1 -1 -1 -1 -1 -1 -1 -1 -1 -1 -1 -1 -1 -1 -1 -1 
-1 -1 -1 -1 -1 -1 -1 -1 -1 -1 -1 -1 -1 -1 -1 -1 -1 -1 -1 -1 -1 -1 -1 -1 -1 -1 -1 -1 -1 -1 -1 -1 -1 -1 -1 -1 -1 -1 -1 -1 -1 -1 
-1 -1 -1 -1 -1 -1 -1 -1 -1 -1 -1 -1 -1 -1 -1 -1 -1 -1 -1 -1 -1 -1 -1 -1 -1 -1 -1 -1 -1 -1 -1 -1 -1 -1 -1 -1 -1 -1 -1 -1 -1 -1 
-1 -1 -1 -1 -1 -1 -1 -1 -1 -1 -1 -1 -1 -1 -1 -1 -1 -1 -1 -1 -1 -1 -1 -1 -1 -1 -1 -1 -1 -1 -1 -1 -1 -1 -1 -1 -1 -1 -1 -1 -1 -1 
-1 -1 -1 -1 -1 -1 -1 -1 -1 -1 -1 -1 -1 -1 -1 -1 -1 -1 -1 -1 -1 -1 -1 -1 -1 -1 -1 -1 -1 -1 -1 -1 -1 -1 -1 -1 -1 -1 -1 -1 -1 -1 
-1 -1 -1 -1 -1 -1 -1 -1 -1 -1 -1 -1 -1 -1 -1 -1 -1 -1 -1 -1 -1 -1 -1 -1 -1 -1 -1 -1 -1 -1 -1 -1 -1 -1 -1 -1 -1 -1 -1 -1 -1 -1 
-1 -1 -1 -1 -1 -1 -1 -1 -1 -1 -1 -1 -1 -1 -1 -1 -1 -1 -1 -1 -1 -1 -1 -1 -1 -1 -1 -1 -1 -1 -1 -1 -1 -1 -1 -1 -1 -1 -1 -1 -1 -1 
-1 -1 -1 -1 -1 -1 -1 -1 -1 -1 -1 -1 -1 -1 -1 -1 -1 -1 -1 -1 -1 -1 -1 -1 -1 -1 -1 -1 -1 -1 -1 -1 -1 -1 -1 -1 -1 -1 -1 -1 -1 -1 
-1 -1 -1 -1 -1 -1 -1 -1 -1 -1 -1 -1 -1 -1 -1 -1 -1 -1 -1 -1 -1 -1 -1 -1 -1 -1 -1 -1 -1 -1 -1 -1 -1 -1 -1 -1 -1 -1 -1 -1 -1 -1 
-1 -1 -1 -1 -1 -1 -1 -1 -1 -1 -1 -1 -1 -1 -1 -1 -1 -1 -1 -1 -1 -1 -1 -1 -1 -1 -1 -1 -1 -1 -1 -1 -1 -1 -1 -1 -1 -1 -1 -1 -1 -1 
-1 -1 -1 -1 -1 -1 -1 -1 -1 -1 -1 -1 -1 -1 -1 -1 -1 -1 -1 -1 -1 -1 -1 -1 -1 -1 -1 -1 -1 -1 -1 -1 -1 -1 -1 -1 -1 -1 -1 -1 -1 -1 
-1 -1 -1 -1 -1 -1 -1 -1 -1 -1 -1 -1 -1 -1 -1 -1 -1 -1 -1 -1 -1 -1 -1 -1 -1 -1 -1 -1 -1 -1 -1 -1 -1 -1 -1 -1 -1 -1 -1 -1 -1 -1 
-1 -1 -1 -1 -1 -1 -1 -1 -1 -1 -1 -1 -1 -1 -1 -1 -1 -1 -1 -1 -1 -1 -1 -1 -1 -1 -1 -1 -1 -1 -1 -1 -1 -1 -1 -1 -1 -1 -1 -1 -1 -1 
-1 -1 -1 -1 -1 -1 -1 -1 -1 -1 -1 -1 -1 -1 -1 -1 -1 -1 -1 -1 -1 -1 -1 -1 -1 -1 -1 -1 -1 -1 -1 -1 -1 -1 -1 -1 -1 -1 -1 -1 -1 -1 
-1 -1 -1 -1 -1 -1 -1 -1 -1 -1 -1 -1 -1 -1 -1 -1 -1 -1 -1 -1 -1 -1 -1 -1 -1 -1 -1 -1 -1 -1 -1 -1 -1 -1 -1 -1 -1 -1 -1 -1 -1 -1 
-1 -1 -1 -1 -1 -1 -1 -1 -1 -1 -1 -1 -1 -1 -1 -1 -1 -1 -1 -1 -1 -1 -1 -1 -1 -1 -1 -1 -1 -1 -1 -1 -1 -1 -1 -1 -1 -1 -1 -1 -1 -1 
-1 -1 -1 -1 -1 -1 -1 -1 -1 -1 -1 -1 -1 -1 -1 -1 -1 -1 -1 -1 -1 -1 -1 -1 -1 -1 -1 -1 -1 -1 -1 -1 -1 -1 -1 -1 -1 -1 -1 -1 -1 -1 
-1 -1 -1 -1 -1 -1 -1 -1 -1 -1 -1 -1 -1 -1 -1 -1 -1 -1 -1 -1 -1 -1 -1 -1 -1 -1 -1 -1 -1 -1 -1 -1 -1 -1 -1 -1 -1 -1 -1 -1 -1 -1 
156 353 184 337 207 300 219 270 224 247 180 264 188 237 203 228 217 225 163 263 173 234 188 225 204 223 147 267 159 241 175 232 191 227 132 275 146 253 161 244 176 238 
177 341 210 321 236 283 252 257 264 236 197 250 222 225 247 215 268 212 186 247 215 221 243 210 268 206 180 251 209 224 236 216 259 213 176 258 201 237 222 229 241 225 
200 329 247 297 274 257 291 230 307 209 240 224 278 204 309 194 333 190 234 224 272 199 306 188 334 184 233 231 272 204 305 195 330 193 239 244 272 221 299 211 321 206 
249 310 269 264 298 231 319 215 338 205 303 209 331 178 349 157 364 139 309 208 342 176 366 158 384 146 317 215 351 185 373 168 389 155 328 228 356 200 376 187 390 178 
278 268 301 227 325 198 342 179 357 163 325 176 351 144 369 123 385 108 332 169 357 135 375 116 390 103 343 169 368 135 385 119 397 108 359 174 381 145 396 131 406 122 
300 237 322 194 342 168 358 155 373 146 342 150 366 121 384 105 400 96 350 147 374 113 394 99 409 92 361 150 387 115 405 102 419 93 377 160 399 130 416 114 429 103 
-1 -1 -1 -1 -1 -1 -1 -1 -1 -1 -1 -1 -1 -1 -1 -1 -1 -1 -1 -1 -1 -1 -1 -1 -1 -1 -1 -1 -1 -1 -1 -1 -1 -1 -1 -1 -1 -1 -1 -1 -1 -1 
-1 -1 -1 -1 -1 -1 -1 -1 -1 -1 -1 -1 -1 -1 -1 -1 -1 -1 -1 -1 -1 -1 -1 -1 -1 -1 -1 -1 -1 -1 -1 -1 -1 -1 -1 -1 -1 -1 -1 -1 -1 -1 
-1 -1 -1 -1 -1 -1 -1 -1 -1 -1 -1 -1 -1 -1 -1 -1 -1 -1 -1 -1 -1 -1 -1 -1 -1 -1 -1 -1 -1 -1 -1 -1 -1 -1 -1 -1 -1 -1 -1 -1 -1 -1 
257 253 274 240 298 242 317 254 333 270 310 204 329 225 330 245 326 258 321 208 341 237 339 260 331 276 330 219 351 245 346 268 336 285 338 233 355 252 354 267 347 280 
258 251 271 227 293 220 311 227 324 239 304 204 322 223 319 239 313 248 317 211 336 233 331 253 323 267 328 223 347 246 342 268 333 284 337 238 352 255 350 271 344 284 
256 252 269 232 294 224 312 231 325 242 307 210 332 227 329 245 320 256 317 217 344 236 341 257 332 270 325 229 354 248 349 270 339 284 331 244 351 260 349 277 342 287 
248 271 261 246 285 236 306 242 320 252 297 224 334 236 335 254 326 265 307 233 346 244 345 263 336 274 313 246 353 255 349 275 338 285 316 263 347 269 346 283 338 292 
238 277 254 252 281 240 301 243 316 252 294 226 330 237 333 256 326 269 302 235 345 245 347 265 337 276 307 248 351 256 349 277 339 289 310 266 345 271 345 286 336 296 
233 280 252 255 278 241 300 244 316 253 288 227 329 237 335 257 330 271 295 235 344 244 347 265 339 279 300 249 347 256 348 278 338 290 303 268 339 271 341 285 334 296 
227 281 247 257 275 244 298 245 316 253 285 225 329 237 338 258 336 275 291 233 343 242 348 265 341 281 295 247 344 254 347 277 339 291 297 265 335 269 338 284 332 295 
221 282 244 258 273 245 298 245 317 251 282 223 331 233 342 257 341 276 284 229 340 238 347 264 341 281 287 241 341 248 346 275 339 291 288 260 330 263 336 279 331 292 
233 293 275 288 308 271 333 264 346 257 287 211 328 203 350 224 361 245 276 210 329 205 350 231 355 254 268 219 315 216 335 242 339 263 263 236 300 234 317 249 323 264 
250 298 283 290 317 268 341 252 356 236 304 212 331 194 353 209 363 226 289 209 324 188 348 210 356 232 273 213 306 198 329 223 337 244 256 225 283 215 303 230 312 245 
257 298 288 293 324 267 346 246 363 227 308 213 325 183 347 187 362 199 291 208 313 172 337 185 348 202 272 211 293 181 316 200 325 218 251 219 273 199 291 212 299 227 
259 296 293 292 331 265 353 241 365 217 314 209 327 172 345 169 358 175 294 203 309 158 331 165 340 184 273 205 286 161 309 174 319 193 247 212 259 178 278 186 288 201 
257 297 296 290 335 263 359 237 370 211 318 201 334 170 346 157 357 153 296 192 307 154 321 143 335 146 272 193 279 153 294 146 307 154 246 201 253 168 266 162 278 168 
256 298 296 290 335 262 358 236 370 211 317 201 334 169 347 157 358 154 295 192 308 153 323 142 337 145 272 193 280 153 294 146 307 154 246 201 252 168 265 162 277 169 
259 297 302 288 342 260 365 234 377 211 319 196 339 163 351 145 364 132 295 186 307 148 321 127 337 116 271 187 276 149 288 132 302 128 246 195 246 164 254 150 268 146 
280 295 329 289 373 268 403 246 427 228 347 188 370 145 384 117 396 94 318 174 330 123 342 89 352 61 288 174 289 124 295 92 302 64 259 187 249 148 243 121 240 97 
282 300 332 292 379 270 411 250 435 232 353 187 378 144 393 116 404 92 323 174 338 119 348 84 356 55 294 174 296 122 301 89 306 60 264 186 252 147 245 121 241 96 
290 298 342 291 390 273 424 255 452 238 364 183 390 140 404 111 417 85 333 169 347 114 358 78 366 48 302 170 304 117 306 83 311 53 272 182 258 143 249 117 243 90 
292 297 343 290 392 272 429 255 457 240 367 182 394 138 408 109 419 84 335 167 350 111 360 75 368 46 304 168 305 115 307 81 310 50 274 181 259 143 250 117 245 91 
295 296 347 290 395 272 431 254 459 240 369 181 397 137 411 108 422 82 337 167 352 110 363 74 370 45 305 167 306 115 309 80 313 49 274 180 259 142 250 116 244 90 
296 297 349 291 397 273 434 256 462 243 371 181 399 136 413 107 424 81 339 166 354 109 364 74 372 45 307 166 308 113 310 79 314 49 276 179 261 141 251 115 245 89 
299 297 352 292 400 274 437 256 465 245 373 181 401 135 415 106 426 80 340 167 355 109 366 74 374 44 308 167 309 114 311 79 315 49 278 180 261 142 251 115 245 90 
300 299 353 294 402 275 439 258 468 248 375 182 402 136 417 107 428 80 342 168 356 110 367 74 374 44 310 169 309 115 312 80 315 49 279 182 262 143 252 117 246 91 
301 305 354 299 403 282 440 267 471 258 375 187 403 140 417 110 428 82 341 173 356 114 366 77 372 45 308 175 308 120 309 84 311 53 277 188 259 150 250 124 243 98 
301 308 354 301 402 282 439 266 471 255 374 188 401 140 416 109 427 81 340 174 353 115 362 77 369 45 306 175 305 121 306 84 308 52 274 190 256 151 246 125 239 98 
299 309 352 301 401 283 439 266 471 257 372 188 399 140 413 109 424 81 337 174 352 115 361 77 368 45 304 176 303 121 304 85 306 53 272 191 255 153 244 126 237 99 
300 308 352 301 401 283 439 266 471 257 372 188 399 140 414 109 424 80 337 174 351 114 361 76 367 45 304 175 303 120 304 84 307 52 272 190 254 152 244 125 237 99 
295 312 350 305 400 287 438 269 471 258 370 190 397 142 412 110 424 80 335 176 348 117 357 78 364 44 301 178 300 123 301 86 302 53 269 193 251 153 241 126 234 99 
291 317 346 310 397 291 437 274 470 263 366 192 395 141 410 108 422 79 330 178 343 116 352 76 359 41 295 180 294 124 295 86 298 52 262 195 244 156 234 128 226 101 
289 319 345 312 398 292 438 275 472 266 366 193 394 142 409 108 421 78 329 179 344 116 353 75 359 41 294 181 294 123 295 84 297 50 261 196 243 155 232 127 225 99 
288 322 344 314 398 294 439 277 474 269 365 194 395 142 410 108 422 78 329 180 343 116 353 75 359 40 293 182 293 123 294 83 296 49 260 197 241 156 230 127 223 98 
285 323 343 316 396 297 438 280 475 272 365 195 395 143 411 109 424 77 328 180 344 116 353 74 360 38 292 182 292 123 294 83 296 48 258 197 240 155 229 126 222 97 
278 330 337 323 393 304 437 287 476 281 359 198 391 142 409 107 422 74 321 182 337 115 348 70 355 33 284 184 283 123 286 80 289 43 248 200 229 157 217 126 209 96 
276 333 335 326 392 305 438 289 479 281 358 198 390 142 407 105 420 72 319 183 334 115 344 69 351 30 281 185 280 122 281 79 283 42 245 202 223 157 211 126 203 96 
272 336 333 328 391 307 438 290 479 282 354 198 386 140 403 103 417 70 314 183 330 113 340 67 346 28 276 185 275 122 276 78 278 40 240 202 218 158 205 127 197 96 
269 339 331 331 389 310 437 293 478 286 351 200 384 142 401 104 414 70 311 184 327 114 336 67 342 27 273 186 271 122 272 78 274 40 236 204 213 159 199 128 190 98 
266 343 328 334 386 314 434 297 475 290 349 202 382 143 399 105 413 70 308 185 323 114 332 67 339 26 268 188 267 123 267 79 269 40 231 207 207 162 193 131 184 100 
263 352 325 343 383 320 431 304 473 297 343 210 375 150 391 110 405 74 302 194 315 121 324 72 330 31 262 197 258 130 257 85 259 45 224 217 198 173 182 141 171 109 
262 353 324 343 382 321 429 305 471 298 341 211 373 151 390 111 403 75 300 195 315 122 323 73 329 32 260 198 256 132 255 87 255 47 222 218 195 174 179 143 168 111 
263 354 324 344 381 321 429 305 471 299 340 212 371 153 388 114 401 79 299 196 313 122 322 75 327 35 259 200 255 133 254 88 255 49 222 220 194 176 177 146 164 116 
263 356 324 345 381 322 428 305 471 299 338 214 369 154 385 115 398 79 297 198 311 125 319 77 324 36 258 203 253 136 251 91 251 52 220 223 193 180 175 149 162 119 
267 359 327 346 383 319 428 298 468 288 335 214 361 152 375 112 387 77 292 201 301 129 306 81 310 41 253 208 244 142 240 98 239 60 217 230 187 189 168 160 153 131 
270 360 329 344 384 315 428 292 467 279 332 213 357 152 370 113 381 78 290 202 298 130 303 82 306 42 252 210 241 145 236 101 234 62 217 233 185 194 164 165 149 136 
276 358 332 338 384 305 427 279 463 265 330 210 352 148 363 108 372 73 287 202 290 130 293 83 294 44 248 213 233 149 227 105 223 67 215 238 181 200 159 172 143 143 
281 358 336 332 383 295 422 266 457 251 326 205 344 143 352 103 359 68 283 201 280 129 279 81 277 42 246 214 226 152 216 109 209 71 216 242 180 207 156 182 137 156 
289 348 333 306 361 251 388 214 413 190 309 188 311 125 315 85 318 49 277 191 262 122 256 75 251 34 252 212 225 154 211 114 200 75 235 245 202 221 179 202 158 181 
291 335 330 292 350 238 371 203 391 177 304 180 301 120 302 81 305 47 276 185 256 119 250 73 244 32 256 207 225 151 211 111 200 73 245 242 212 221 191 200 174 179 
291 328 326 285 336 229 352 192 368 166 294 174 287 114 286 76 288 42 272 180 249 114 242 70 237 30 258 203 227 146 214 108 204 71 253 238 225 220 204 201 184 179 
286 326 318 281 322 226 335 187 346 157 285 173 274 110 272 71 273 37 270 179 245 113 237 68 231 27 261 203 230 147 219 109 209 73 260 236 235 215 220 196 206 176 
270 332 279 269 265 212 258 169 252 135 244 190 236 126 232 80 232 43 247 204 238 132 238 83 241 41 258 229 251 167 254 126 257 90 276 259 282 234 289 213 299 192 
265 327 280 271 271 216 267 178 265 151 238 195 232 124 233 79 236 43 242 207 235 132 237 84 241 45 257 227 259 167 267 125 275 89 282 254 299 230 313 211 327 194 
255 327 250 274 250 219 261 185 276 163 232 200 231 128 234 83 238 47 243 211 237 133 239 83 242 43 265 232 272 169 283 125 291 89 294 257 316 228 331 206 343 184 
258 332 241 285 231 233 228 194 229 168 228 206 223 131 224 87 226 52 244 220 240 139 243 87 246 46 269 240 280 171 291 126 299 89 299 264 323 230 338 207 351 185 
257 337 231 296 218 245 212 206 202 175 227 211 218 136 217 93 217 58 246 223 241 140 242 89 243 48 272 242 284 170 295 125 303 87 302 266 329 228 346 205 360 182 
258 339 228 299 209 249 199 208 183 176 225 216 214 138 212 94 211 60 247 226 243 140 243 89 243 50 276 243 292 170 303 125 311 86 308 266 338 225 356 201 370 177 
260 348 216 313 186 265 166 223 143 196 224 225 209 146 206 101 204 67 256 230 251 145 249 93 247 54 290 244 310 172 322 126 330 89 320 265 355 221 377 196 395 172 
257 351 212 315 180 268 159 228 134 202 224 225 209 148 204 102 201 67 258 229 252 144 250 91 249 52 293 242 315 169 329 122 338 85 324 262 360 217 383 191 400 168 
257 355 212 319 179 273 154 232 127 207 224 226 209 150 204 105 200 70 259 230 255 145 255 93 254 53 294 243 316 170 332 123 342 87 324 263 360 213 384 188 403 165 
256 356 211 320 176 276 150 235 122 210 227 226 211 150 204 105 199 70 262 229 258 145 256 93 255 53 297 241 319 169 334 121 346 86 326 260 362 212 386 188 405 165 
257 358 211 322 175 278 149 237 122 212 227 227 212 151 206 107 202 72 263 230 260 145 260 93 260 54 297 243 321 170 337 122 349 87 326 262 362 214 387 189 406 168 
256 362 211 324 176 278 150 236 121 210 234 225 227 149 225 106 225 72 271 230 275 149 279 98 285 59 305 243 337 176 357 133 374 101 331 263 374 221 400 200 422 180 
250 364 207 322 176 274 151 231 123 205 236 226 233 148 234 105 236 72 272 232 282 148 289 98 296 61 305 248 341 181 365 138 383 107 330 270 373 227 399 206 420 186 
247 361 206 317 177 267 153 226 125 201 240 221 242 146 245 104 249 71 276 230 293 150 304 101 316 65 309 247 348 182 374 144 394 115 332 269 377 233 405 214 429 196 
232 352 201 302 183 250 166 208 143 185 254 207 271 138 284 98 295 69 290 223 329 151 353 110 373 81 317 247 369 194 401 163 426 140 333 275 384 249 415 235 441 221 
227 350 197 300 183 245 167 202 144 177 258 206 283 139 300 101 315 74 292 224 337 157 365 117 387 91 317 249 373 200 407 170 433 149 331 277 382 255 414 242 441 231 
223 346 195 294 182 240 168 196 146 170 262 202 291 139 310 104 327 79 294 222 344 159 374 122 397 97 317 249 376 204 412 176 440 156 329 279 382 259 414 248 440 238 
219 343 192 290 182 236 169 192 148 165 265 200 296 139 317 105 334 81 295 220 346 160 376 125 400 101 316 248 377 207 413 181 442 161 327 279 380 261 413 252 441 243 
216 341 190 289 183 235 172 192 152 164 267 200 299 143 319 111 336 89 298 220 349 164 379 131 402 109 318 248 380 211 416 187 443 169 327 279 380 265 413 256 439 247 
220 345 196 292 192 237 183 194 168 165 281 211 312 168 331 145 347 128 311 231 358 188 385 165 406 149 330 259 387 238 421 223 447 210 337 289 385 285 414 281 439 275 
224 349 197 296 193 240 185 197 169 168 284 212 313 175 333 157 350 144 314 232 359 194 385 173 405 159 332 260 388 240 419 227 443 218 339 291 386 286 413 283 436 280 
228 351 201 298 196 243 187 200 171 171 284 216 312 181 332 166 348 155 314 235 357 197 382 176 401 164 333 262 388 242 419 230 441 222 341 292 388 287 415 284 436 281 
231 354 202 302 196 247 187 203 171 176 284 218 312 185 331 171 347 161 314 236 355 199 378 179 397 167 334 263 387 244 417 233 439 225 343 292 389 287 415 285 436 282 
236 354 205 302 197 248 187 206 171 179 287 218 313 188 330 176 344 168 317 237 355 201 376 184 394 173 337 264 387 248 416 239 437 232 346 293 391 290 416 288 435 285 
247 356 213 306 200 254 187 214 169 189 288 221 310 196 323 187 336 182 319 238 354 207 370 195 385 187 340 264 386 249 412 242 432 235 352 293 393 289 416 288 433 286 
249 357 214 307 201 255 187 217 168 193 287 223 306 199 319 191 331 184 318 240 351 210 367 199 380 191 340 265 384 250 410 242 430 234 353 293 394 289 417 288 435 284 
252 361 215 310 202 258 188 219 168 196 286 223 305 200 316 192 328 186 318 240 351 211 365 201 378 194 342 265 385 249 410 242 428 235 355 294 396 288 418 286 435 283 
256 362 218 312 203 260 188 222 168 200 286 223 303 198 313 190 323 185 318 240 349 210 364 201 377 194 341 264 383 249 406 242 424 235 356 292 395 286 417 285 434 282 
268 363 225 315 205 264 185 229 164 207 285 226 297 201 306 192 315 186 317 242 345 214 357 206 368 199 342 264 381 248 402 240 419 232 358 290 396 282 418 280 435 276 
270 362 227 316 207 264 187 228 164 205 285 225 296 200 305 191 313 185 318 239 345 212 356 204 365 197 344 261 382 245 403 236 417 227 361 286 398 280 420 278 437 274 
273 361 228 317 205 266 185 230 162 206 284 225 292 197 300 185 308 177 318 239 341 211 352 201 360 193 344 261 378 244 398 233 412 223 361 285 396 278 418 276 436 273 
276 361 230 318 205 268 183 232 160 208 283 225 288 195 295 181 302 173 316 238 338 208 347 197 354 188 343 259 375 240 394 229 407 219 361 282 397 275 419 272 436 268 
276 363 230 320 205 269 183 233 159 209 282 223 286 189 293 174 300 165 316 235 336 202 344 190 352 183 343 256 375 235 393 223 405 213 362 280 396 271 417 267 433 263 
277 364 230 321 205 270 183 234 159 209 282 224 285 190 292 174 298 164 315 236 335 203 343 191 351 182 342 256 373 235 391 222 403 210 361 280 395 271 417 267 434 263 
280 366 233 324 205 272 182 235 157 211 282 223 285 184 290 167 295 155 316 234 336 196 344 183 352 174 343 254 375 230 393 216 407 205 361 278 395 267 415 262 432 256 
294 365 244 324 213 273 184 235 156 213 282 211 277 159 278 130 281 107 320 218 331 170 338 142 344 123 351 239 375 201 393 178 405 159 372 265 402 242 422 228 437 215 
299 365 247 327 214 276 184 237 156 214 282 212 277 155 277 124 279 99 321 218 331 164 337 134 345 112 351 236 378 196 394 171 406 151 372 260 403 236 421 223 436 210 
303 364 250 327 215 277 185 239 156 217 283 209 277 150 275 117 277 91 322 215 331 158 337 125 344 101 353 234 378 189 394 162 406 140 374 257 403 231 421 217 436 202 
302 362 249 325 215 276 184 238 156 216 283 208 277 149 275 116 277 90 321 215 330 158 336 125 343 101 351 233 376 188 392 160 403 137 372 257 402 231 421 216 436 200 
314 357 259 325 222 283 188 250 157 233 283 211 270 143 265 105 264 76 323 211 329 139 333 97 339 68 356 224 378 166 391 131 402 104 379 245 409 210 426 189 441 170 
317 361 262 330 223 290 188 256 157 237 284 216 270 146 264 106 263 74 325 215 328 139 331 95 336 63 357 227 377 166 392 127 403 98 380 247 407 207 425 185 440 166 
317 363 261 331 222 289 187 253 155 236 284 216 270 146 263 106 263 75 325 215 329 139 331 95 336 63 358 228 378 166 392 127 403 97 380 247 409 207 427 185 443 166 
319 365 263 334 223 292 188 258 157 241 285 220 269 148 261 107 260 75 326 218 329 139 331 93 336 60 358 229 378 164 392 124 403 94 381 247 409 205 427 182 443 162 
319 370 265 340 225 301 190 267 156 248 285 234 266 161 257 118 254 83 324 231 329 149 333 99 339 60 356 241 378 171 395 127 410 92 378 257 407 209 428 183 446 160 
316 372 263 340 225 299 191 265 158 246 285 236 268 163 260 121 258 86 325 235 332 151 337 101 344 62 356 244 381 173 400 130 417 97 378 260 411 213 433 188 453 166 
313 373 261 339 224 296 192 261 162 241 285 236 271 163 265 121 264 86 325 236 336 153 344 103 353 64 357 247 385 176 406 133 425 101 380 263 415 216 440 191 462 170 
311 374 260 338 224 294 192 259 163 240 284 235 270 162 264 119 264 85 324 237 335 153 344 103 352 64 356 248 384 177 406 134 423 101 379 265 414 217 438 191 459 169 
290 353 249 304 226 253 206 213 182 191 296 218 308 149 316 108 324 77 334 231 374 160 400 117 421 87 362 249 412 194 444 161 470 136 380 271 429 241 460 226 486 213 
282 344 251 294 233 242 216 200 193 173 301 210 317 144 329 105 341 74 335 226 382 160 413 121 439 93 360 250 413 202 450 172 480 150 375 276 424 251 456 239 483 226 
283 343 249 294 229 242 214 201 193 175 300 212 317 145 329 106 341 77 336 228 381 162 412 123 438 94 361 250 414 202 449 172 478 150 376 275 425 251 456 238 481 225 
270 319 249 264 243 212 236 169 221 141 308 200 344 145 367 110 385 85 337 225 399 176 437 146 467 125 357 253 418 220 460 199 494 183 367 281 423 269 458 264 488 259 
245 297 248 238 264 182 271 140 263 109 315 186 366 146 395 120 419 100 328 213 401 187 443 170 476 157 335 244 404 233 446 225 482 217 336 277 391 285 423 291 453 295 
247 282 255 226 276 175 288 134 283 102 319 182 373 149 405 128 430 110 328 210 399 193 442 181 476 172 331 242 399 240 440 238 474 234 329 275 380 290 410 300 436 306 
242 270 258 218 284 170 299 131 298 99 321 179 378 152 411 134 437 118 326 207 399 197 442 189 475 182 326 239 393 246 432 247 465 245 321 273 370 293 397 306 422 314 
230 254 263 210 308 172 340 136 350 104 314 177 373 162 406 149 432 137 307 200 369 199 407 198 437 197 296 227 349 245 379 256 404 261 283 257 317 283 333 303 348 318 
228 241 269 208 319 175 352 143 364 109 313 177 367 165 398 154 425 141 301 196 351 198 385 196 415 194 286 220 327 241 353 252 378 258 270 248 298 274 309 295 319 313 
233 237 280 207 330 180 361 153 370 118 313 178 360 169 388 158 413 146 297 195 335 199 363 197 388 194 280 218 306 235 326 242 345 245 261 244 279 271 286 291 293 308 
265 271 314 251 361 219 393 192 418 167 333 208 354 171 366 149 377 126 307 215 305 184 310 166 312 145 280 228 273 210 274 191 274 167 255 243 232 247 213 242 196 232 
276 283 318 270 364 235 399 212 426 191 327 205 344 164 352 138 359 114 296 209 288 172 282 144 275 119 267 223 247 200 230 179 212 159 240 241 209 229 184 219 163 207 
274 286 321 278 366 249 402 226 433 208 321 212 337 168 347 140 353 113 285 209 275 168 266 136 253 108 253 218 226 185 207 160 189 138 225 235 192 211 167 197 144 184 
272 295 321 287 367 262 406 241 439 225 320 215 333 171 342 141 347 110 280 210 268 160 257 127 243 96 246 217 218 178 199 150 182 123 220 233 185 207 160 192 139 176 
263 320 316 317 366 297 408 279 445 265 317 229 336 179 348 145 355 112 275 217 266 157 260 116 250 77 238 222 211 171 193 136 178 101 210 239 174 203 151 182 131 159 
260 330 313 326 366 307 408 290 448 278 318 230 339 180 353 146 363 112 275 217 270 153 266 111 258 72 238 222 213 166 198 130 185 95 208 239 175 201 152 180 133 159 
259 340 313 335 365 314 407 296 446 286 319 232 343 180 357 145 367 111 276 218 274 151 272 107 266 67 239 222 215 164 202 126 190 90 209 240 176 201 154 179 135 156 
255 347 311 343 364 321 406 302 448 295 320 235 344 181 359 144 371 110 278 219 277 150 276 106 272 65 240 223 218 163 206 124 196 87 210 241 178 201 156 178 138 154 
253 354 309 348 364 326 406 309 448 303 321 237 347 182 363 145 374 110 278 221 280 152 280 106 277 65 241 225 221 164 210 123 201 85 210 244 179 202 159 177 142 151 
246 375 306 368 363 343 411 327 450 319 322 245 350 186 365 148 378 112 280 227 285 155 288 108 288 66 241 231 226 167 217 124 209 84 208 250 180 209 161 182 146 154 
246 382 306 373 364 349 411 331 454 324 321 245 350 187 367 150 381 115 279 229 286 156 291 109 292 68 241 234 226 170 219 126 214 86 207 255 179 212 160 184 145 155 
244 387 305 378 363 354 410 335 452 328 320 247 351 189 368 151 381 115 279 231 287 157 292 110 293 69 240 236 226 171 219 128 214 88 206 256 178 213 160 185 146 157 
240 391 303 382 361 358 409 339 451 332 320 249 351 190 368 152 381 118 278 233 288 159 293 111 295 71 240 237 227 173 220 128 215 89 205 257 177 215 160 186 146 157 
239 395 302 384 361 359 410 340 451 332 320 249 351 190 368 152 380 118 278 233 288 160 293 113 296 73 239 238 227 173 220 129 216 90 204 258 176 215 158 187 144 158 
239 396 302 385 361 361 409 339 451 329 320 249 350 189 366 152 378 118 277 234 287 160 292 113 294 74 238 238 225 174 219 130 215 91 202 259 174 216 156 187 143 159 
239 398 303 386 362 360 411 338 451 327 319 249 350 189 365 151 377 117 277 234 286 160 291 114 293 74 237 238 224 173 218 130 214 91 201 259 173 216 155 187 142 158 
241 398 306 385 366 356 413 331 450 316 321 245 349 185 363 149 373 116 278 231 285 158 290 114 291 77 238 236 225 173 218 131 214 93 202 256 174 215 156 187 143 159 
243 400 308 384 367 353 414 328 449 312 320 244 347 184 360 148 370 116 277 231 284 159 289 115 290 79 238 237 224 173 217 131 213 94 202 257 174 215 156 187 143 159 
246 400 309 383 367 350 414 323 449 306 320 243 344 183 356 148 365 116 277 231 282 159 286 116 286 80 237 237 223 174 215 132 210 95 202 258 173 216 155 188 141 159 
247 400 310 382 368 350 414 323 449 306 319 242 344 183 356 147 365 115 276 230 281 159 284 115 284 80 237 237 223 173 215 132 209 95 202 258 173 216 154 188 141 160 
248 400 312 381 370 347 415 319 448 301 319 241 341 182 352 147 360 115 276 230 279 158 281 116 281 81 237 237 221 174 212 133 205 97 202 259 173 217 154 190 140 162 
252 401 315 380 371 342 415 311 448 293 318 239 338 181 348 146 355 115 275 229 276 159 277 117 277 83 237 237 220 174 210 134 203 98 203 259 173 218 153 191 138 163 
273 400 333 371 381 322 420 286 449 265 312 230 318 172 320 138 319 109 269 226 254 160 246 120 237 89 235 238 207 179 192 141 179 107 207 264 172 227 149 203 130 179 
284 400 341 369 385 319 420 282 449 262 314 230 318 172 318 138 315 109 272 228 255 160 245 119 235 88 238 241 210 181 192 143 175 108 213 268 176 230 152 205 132 179 
285 402 342 370 386 321 421 284 447 262 313 231 316 173 316 139 315 110 272 228 255 160 246 119 236 88 239 241 210 181 191 142 174 106 213 269 177 231 153 206 132 180 
294 399 348 367 388 316 420 278 447 256 314 230 316 172 313 137 309 107 273 229 253 161 241 120 228 88 242 243 210 183 190 144 171 109 218 271 180 234 154 209 133 183 
300 399 354 365 389 312 418 273 444 252 314 228 312 170 308 135 302 105 274 228 250 160 237 119 222 87 244 243 210 183 188 145 168 110 223 272 184 236 158 213 136 189 
319 394 362 354 383 295 403 254 422 228 307 221 296 160 288 124 279 92 276 225 242 160 223 117 205 82 256 244 215 188 192 149 169 114 247 275 206 243 179 221 154 198 
318 393 359 349 375 289 393 249 410 222 304 219 289 158 279 122 270 89 278 225 241 159 221 116 202 79 261 245 218 189 194 151 172 115 255 277 215 248 188 226 163 205 
310 388 350 341 365 279 381 238 398 208 303 213 286 150 275 111 265 75 279 221 241 153 220 109 200 70 265 244 223 188 198 150 175 115 260 280 224 252 198 232 172 213 
311 385 351 341 365 281 381 239 398 208 303 211 287 148 276 110 266 75 279 219 241 153 220 109 200 70 264 243 223 187 199 150 176 115 259 280 223 252 199 233 175 214 
306 383 346 338 361 277 379 236 396 205 304 211 290 146 281 106 274 69 280 218 247 149 229 104 212 63 265 243 227 184 205 145 184 109 260 281 228 254 204 234 179 213 
292 374 339 336 363 277 385 235 410 208 315 208 316 141 315 97 313 58 284 213 267 139 257 88 245 43 261 237 234 176 217 133 200 92 246 274 214 246 190 224 167 201 
284 369 334 332 364 276 390 236 416 210 316 206 321 140 322 96 321 58 282 210 269 137 261 87 252 44 256 233 232 172 217 127 203 87 236 268 205 239 184 217 164 193 
279 364 331 329 364 274 394 236 421 211 318 207 330 142 335 99 337 60 282 209 274 135 270 85 264 41 253 230 231 171 217 126 205 85 231 265 199 236 177 214 156 190 
276 358 329 327 363 274 394 236 423 212 318 205 333 140 341 97 346 58 280 206 273 133 270 82 264 38 248 227 226 168 213 123 200 82 224 262 193 231 170 209 149 184 
269 354 324 325 362 277 396 243 426 218 318 204 335 140 344 97 350 58 278 203 274 129 271 79 265 35 244 223 222 162 208 116 196 75 217 256 185 223 162 200 141 175 
244 340 303 320 353 286 395 259 431 244 311 197 337 136 351 95 360 57 269 187 271 113 272 64 269 21 230 199 209 136 198 91 188 49 196 225 164 185 142 159 123 131 
243 342 302 323 353 286 394 259 428 244 312 199 338 135 351 94 359 56 269 189 272 114 273 64 270 20 230 199 210 136 199 91 189 51 197 225 163 186 141 159 122 131 
237 337 297 320 350 287 393 262 429 250 310 195 337 134 351 93 360 56 266 183 271 109 273 60 272 16 227 192 208 128 197 83 188 42 192 216 159 175 137 147 119 118 
231 334 290 320 346 291 392 268 430 255 307 193 336 133 350 93 361 55 264 179 270 106 273 58 273 14 225 185 207 121 197 77 188 36 189 207 157 164 136 136 119 107 
218 329 278 318 336 293 384 275 424 265 297 188 328 130 345 92 356 56 255 171 264 94 268 45 269 2 217 175 203 110 196 65 191 24 181 194 155 148 137 119 123 88 
216 325 274 316 331 295 378 279 419 272 294 188 323 131 340 94 353 58 253 170 261 94 266 45 268 3 215 173 203 108 196 64 191 24 180 191 154 145 137 116 124 86 
214 324 271 316 327 296 374 281 415 276 290 188 319 132 336 94 348 58 250 170 259 95 263 46 265 4 213 172 202 108 196 63 191 24 179 189 154 144 138 114 126 85 
210 323 266 317 320 298 367 284 409 280 286 188 314 132 330 95 342 59 247 170 256 95 261 46 263 3 211 171 202 107 197 62 194 23 178 187 155 142 140 112 129 83 
207 322 262 318 314 302 360 291 401 289 281 190 308 134 323 96 335 61 243 171 252 98 257 51 259 9 208 171 201 108 197 64 195 24 175 187 155 142 141 112 131 83 
206 322 259 321 311 308 354 297 394 294 278 193 304 137 318 99 330 63 241 173 250 101 255 52 258 10 206 172 199 107 196 63 194 24 175 187 155 142 142 111 132 82 
198 319 246 327 294 321 335 316 373 316 271 205 298 151 314 113 327 78 236 180 249 108 258 61 264 18 203 174 201 110 199 66 198 27 173 186 157 140 146 110 137 80 
195 316 240 329 285 328 323 325 360 329 268 210 295 157 312 118 326 83 235 183 249 111 257 63 263 20 204 175 202 109 201 66 201 27 174 185 159 137 148 107 141 78 
192 315 236 330 279 331 315 331 350 336 264 213 290 162 308 124 323 89 233 185 247 114 256 65 264 21 202 176 202 110 203 66 205 27 172 184 159 136 149 104 143 74 
190 310 231 329 271 333 306 336 341 342 259 216 285 165 303 128 318 93 230 187 245 117 255 68 263 24 200 177 201 111 203 67 205 29 172 183 159 133 150 102 146 72 
183 302 220 331 256 340 289 349 321 362 249 228 271 179 288 141 304 107 222 197 236 126 246 79 255 34 194 184 199 117 201 72 205 34 168 185 158 134 151 102 148 73 
180 303 215 331 250 341 282 351 314 366 243 232 267 182 283 146 298 111 218 200 232 128 242 80 250 35 191 186 195 119 198 75 202 36 166 187 155 136 148 105 146 77 
180 303 214 333 248 344 281 354 312 368 239 236 261 188 278 150 292 116 214 204 228 132 237 84 244 39 189 189 192 122 195 77 198 40 164 189 153 139 146 107 143 79 
180 303 213 335 246 346 277 358 309 371 236 240 258 192 274 154 288 119 211 208 224 136 232 88 239 42 185 193 187 126 189 81 191 44 161 192 149 141 142 109 140 82 
178 303 211 337 242 347 274 360 308 373 233 242 254 195 269 158 283 122 209 210 220 140 228 92 234 46 184 195 184 129 184 85 185 47 160 193 148 143 140 111 136 84 
179 305 214 339 246 349 279 363 312 375 233 245 252 197 267 160 280 124 208 213 217 142 223 95 228 49 182 197 181 132 180 88 180 51 159 195 145 145 136 114 131 87 
181 306 217 335 253 343 288 354 324 367 236 240 255 194 268 158 278 124 206 210 212 140 215 93 217 50 179 197 175 131 172 88 171 50 155 199 138 148 125 117 116 90 
182 304 220 331 258 339 294 349 331 362 237 235 257 189 271 153 282 119 208 206 213 136 216 90 217 46 179 194 173 128 169 85 166 48 155 197 136 147 123 116 113 89 
183 303 224 326 265 332 305 342 344 353 239 230 259 184 272 150 282 116 207 203 210 133 212 88 213 45 177 193 169 127 164 85 161 47 151 197 132 148 119 118 109 90 
195 294 238 310 281 310 321 316 359 327 242 219 259 173 271 138 279 104 204 195 201 127 200 82 196 40 171 189 153 127 142 86 132 48 145 198 117 152 98 125 82 99 
192 298 236 310 280 308 325 312 364 319 241 217 257 171 268 135 276 102 204 192 198 125 196 81 191 40 170 186 149 123 136 81 125 43 142 196 112 151 91 122 75 95 
198 302 243 308 289 300 336 302 377 306 239 213 255 165 265 130 273 98 199 192 192 123 189 79 184 38 164 189 141 127 129 86 118 48 137 202 104 156 83 129 66 102 
189 285 238 290 283 280 327 279 367 284 227 201 240 155 249 120 253 85 184 185 172 119 163 75 151 33 148 186 120 129 100 90 81 53 122 200 84 160 58 136 36 112 
188 291 239 291 284 273 329 265 370 265 227 200 237 152 244 116 247 80 181 185 165 118 154 74 141 34 143 188 109 131 87 94 68 60 115 205 73 164 46 142 23 118 
186 283 238 281 283 263 329 252 369 246 222 195 233 146 239 110 241 74 175 183 158 118 145 75 130 37 137 188 101 135 77 99 55 65 109 206 65 170 36 149 11 129 
181 280 235 275 283 253 329 240 371 231 220 190 230 141 236 105 238 68 173 180 153 116 140 74 124 35 133 187 96 135 70 100 47 67 104 207 57 172 27 153 0 135 
180 282 235 272 283 245 330 227 372 217 221 184 229 134 235 97 236 60 171 176 150 112 137 71 120 34 130 185 92 135 65 101 40 70 101 207 54 172 22 155 -6 139 
188 285 239 258 287 216 330 188 368 171 224 164 227 107 229 68 228 31 176 167 151 103 134 61 113 26 138 183 97 136 68 103 40 74 112 211 62 184 29 169 -1 156 
191 282 243 254 288 212 330 182 367 164 226 162 230 105 232 66 231 28 180 166 155 103 137 63 115 27 143 185 101 140 71 107 44 77 118 213 66 190 31 177 0 164 
196 284 247 253 291 210 331 179 367 159 230 162 234 103 235 64 234 26 185 167 160 105 141 65 120 30 150 187 108 144 79 112 53 83 126 217 77 198 43 188 13 177 
198 284 250 253 294 209 334 177 370 156 233 165 237 104 238 64 237 26 189 172 164 111 147 70 125 34 155 192 112 151 84 121 57 93 131 222 84 204 52 194 23 184 
202 283 253 252 296 209 335 178 369 157 236 168 239 108 241 69 240 31 191 176 168 117 152 77 131 40 157 197 115 156 88 127 62 99 133 228 87 210 56 201 28 191 
207 296 258 260 297 212 335 178 369 154 242 176 244 116 244 76 243 39 202 187 176 134 159 94 139 59 169 212 127 177 101 147 76 121 147 246 99 235 67 231 36 227 
207 300 258 263 296 215 334 180 367 154 242 182 242 121 242 81 241 44 202 194 177 140 158 100 136 64 170 220 128 184 102 156 77 130 149 254 103 243 72 239 43 234 
207 304 259 267 296 217 333 182 365 154 242 186 242 125 242 86 241 48 204 200 178 148 160 108 139 71 173 228 130 195 105 168 81 143 152 263 106 254 75 250 46 245 
210 311 257 272 291 220 327 181 356 150 242 195 240 134 238 96 236 59 205 212 179 162 159 125 138 92 176 241 137 212 112 188 86 166 155 278 110 276 78 275 48 274 
213 310 260 272 292 221 326 182 355 149 242 198 240 137 238 98 236 61 205 215 179 165 160 127 140 92 177 244 136 215 111 191 86 169 158 280 112 278 79 279 48 278 
212 314 260 276 292 224 326 184 355 151 242 199 240 138 238 100 236 62 206 215 179 167 160 129 138 94 179 245 137 218 112 194 88 172 160 281 113 281 81 281 51 279 
210 316 259 278 292 225 325 184 354 149 242 201 241 141 239 102 237 65 206 218 181 170 163 132 142 98 179 249 141 223 116 199 91 179 159 286 115 287 84 288 54 288 
214 316 261 277 292 224 326 184 355 148 243 203 242 142 241 104 240 67 208 221 184 173 166 136 147 102 180 252 145 225 120 202 95 183 160 291 118 290 87 290 56 289 
214 313 263 275 296 225 331 187 362 155 246 202 247 142 247 104 246 68 210 217 186 170 169 132 149 97 181 246 140 218 116 194 91 172 161 281 116 277 86 276 57 273 
212 311 263 275 299 226 335 189 367 157 247 203 250 143 251 105 250 68 209 217 186 169 170 131 151 95 179 244 139 215 115 190 91 168 158 277 112 270 82 268 53 265 
212 310 263 276 301 227 338 191 372 162 248 204 251 144 254 107 253 71 208 216 185 167 170 130 150 95 177 241 136 211 112 185 87 162 154 274 108 264 77 260 48 257 
208 302 261 274 306 232 346 200 381 174 250 204 257 149 260 112 261 77 207 213 185 162 169 126 148 94 171 233 130 197 103 170 77 147 144 261 98 245 67 239 37 234 
206 301 260 275 306 233 348 202 385 179 252 203 258 152 262 116 263 81 206 209 184 161 168 126 148 95 169 228 129 192 101 166 75 142 141 256 94 240 61 233 31 226 
207 303 260 277 307 237 350 208 387 186 251 205 258 154 262 119 263 84 204 210 182 160 165 125 145 93 166 226 126 189 98 162 72 136 137 251 90 233 57 224 28 215 
208 303 261 281 309 243 353 216 390 197 252 211 259 161 264 126 266 90 205 213 181 162 164 126 143 93 166 227 124 190 95 162 68 136 137 248 87 227 52 217 22 207 
209 302 263 282 310 247 354 225 392 206 253 214 260 167 265 133 266 97 204 213 181 161 164 126 143 92 164 225 122 186 93 158 66 130 133 246 84 223 50 212 20 200 
203 299 257 288 307 260 354 242 393 226 246 220 254 175 260 143 261 108 197 214 177 162 161 129 142 95 155 221 120 178 92 149 65 121 124 240 78 208 47 191 17 177 
204 297 257 289 307 263 353 247 391 233 245 221 252 177 257 144 257 109 195 213 174 160 160 124 141 89 154 219 116 175 88 145 61 116 122 236 78 202 47 184 19 169 
204 297 257 294 308 273 353 258 390 244 243 222 248 179 253 145 252 110 193 211 172 157 157 120 139 85 151 215 115 169 88 138 63 108 120 231 77 196 47 178 19 160 
200 294 253 299 304 281 350 267 386 255 238 222 244 178 248 144 248 108 189 208 167 152 153 115 135 78 147 209 111 160 85 127 60 96 116 222 74 186 45 167 18 148 
199 298 251 302 300 284 345 273 382 264 233 218 240 173 244 138 244 103 185 203 164 146 150 107 133 68 145 204 111 151 86 117 62 84 116 218 75 179 47 160 21 140 
189 305 238 313 279 301 321 291 363 291 224 206 233 158 238 122 239 88 180 187 163 120 153 79 141 39 144 187 114 127 96 88 79 51 118 201 83 157 59 131 38 106 
179 300 228 312 273 304 316 297 358 294 222 208 233 157 237 119 238 84 181 188 167 119 158 76 147 34 146 186 119 123 102 83 85 47 120 198 87 152 65 126 46 100 
181 306 229 311 273 302 315 296 355 295 222 203 233 151 238 113 240 76 182 183 170 113 162 68 152 27 148 181 124 118 108 76 93 38 122 194 91 149 69 121 51 95 
175 312 221 315 265 305 308 297 350 293 225 196 242 140 250 100 255 62 189 175 189 101 186 54 180 11 156 173 139 109 127 67 116 30 128 186 101 142 82 113 67 86 
173 313 220 316 265 303 307 292 347 286 229 195 246 138 256 98 263 61 192 174 193 100 192 53 189 11 158 172 143 108 131 65 121 27 129 187 104 141 86 113 72 85 
172 316 219 317 263 304 302 291 339 282 231 193 250 136 260 95 267 57 195 172 198 98 198 50 195 7 161 172 146 107 134 65 124 27 131 188 107 142 89 114 74 86 
172 317 220 317 263 303 300 289 336 279 232 194 252 136 262 96 269 58 196 173 202 98 203 49 201 5 162 173 149 107 139 64 130 26 132 189 109 143 92 114 78 86 
171 320 220 319 263 303 300 288 335 276 234 193 255 136 265 95 272 58 198 173 205 99 207 52 207 9 163 174 152 109 143 65 135 26 132 191 109 144 94 115 81 87 
168 326 220 321 264 303 303 285 338 268 242 192 266 134 277 94 285 57 206 173 219 102 224 55 227 12 170 174 162 111 155 68 150 29 136 192 114 146 98 116 86 86 
170 326 223 321 269 302 308 282 342 266 245 192 271 135 283 94 290 57 208 174 224 103 230 56 232 15 172 175 165 112 160 68 155 29 137 192 115 147 100 117 89 88 
171 326 224 321 270 301 310 279 343 262 248 192 275 134 287 95 295 57 211 173 227 104 234 57 236 16 175 175 169 112 164 69 159 30 139 192 117 147 102 117 91 88 
174 330 228 321 275 299 314 276 346 255 253 192 279 134 291 95 298 58 216 175 231 107 238 62 239 22 179 177 173 116 169 74 165 36 143 194 121 149 106 120 95 91 
174 331 228 322 276 300 315 276 347 255 254 193 280 136 291 97 298 60 217 177 232 109 238 64 238 24 180 179 174 119 169 77 164 40 144 196 123 151 109 122 98 93 
174 331 229 322 278 300 315 276 345 254 256 194 282 137 293 99 299 63 220 178 234 111 238 67 238 29 183 180 177 121 172 81 167 45 146 196 126 153 112 125 102 97 
177 333 231 323 280 301 317 277 345 253 258 196 284 139 295 101 301 65 221 180 235 114 239 71 238 33 184 182 178 124 174 86 169 51 147 198 126 157 113 130 103 103 
177 334 232 323 281 301 318 276 347 252 258 196 283 139 293 103 299 68 221 180 235 116 238 74 237 37 184 183 179 128 174 92 170 59 147 200 128 162 115 136 106 111 
179 336 235 324 286 298 322 271 347 244 264 198 287 147 294 114 296 85 229 183 239 125 240 88 236 61 192 186 188 137 186 110 184 91 154 201 138 169 132 151 129 139 
179 335 235 323 288 297 323 268 348 241 265 198 288 149 293 119 295 95 229 184 240 129 241 94 237 72 192 186 189 139 187 115 186 104 155 201 139 167 133 150 132 142 
181 334 237 322 289 295 323 264 346 234 267 200 288 152 294 123 295 102 232 185 242 132 242 98 237 82 196 186 193 137 191 115 189 112 159 199 142 164 140 149 142 148 
183 331 237 321 289 294 324 261 343 228 269 200 289 154 294 127 292 114 235 185 245 131 246 103 240 99 200 185 196 133 196 116 197 123 163 197 146 158 148 148 155 155 
183 330 238 320 291 293 326 259 342 224 272 202 292 156 296 133 293 124 238 187 250 135 252 110 246 108 203 188 203 135 204 121 204 131 166 199 152 160 156 154 164 166 
187 328 242 321 295 291 328 256 340 219 275 201 293 156 297 133 294 127 241 187 253 132 255 109 250 113 207 189 205 132 207 124 208 143 169 201 158 157 162 155 169 175 
188 327 243 320 297 290 329 254 334 217 278 203 296 155 299 134 295 136 243 188 254 127 255 108 250 120 207 190 205 130 207 125 209 148 169 201 161 157 163 156 169 178 
186 328 244 321 298 291 330 254 332 216 277 202 295 153 299 132 294 136 242 187 254 125 255 107 250 123 206 189 204 129 205 124 208 149 169 202 160 157 162 155 168 179 
185 330 244 322 297 292 328 254 332 217 277 204 295 156 299 135 295 136 241 188 253 127 254 108 249 122 206 190 204 131 205 123 207 147 168 201 159 158 162 154 167 175 
185 330 243 322 297 292 329 254 332 216 276 204 294 156 298 135 295 137 241 189 252 126 253 109 249 124 205 191 203 131 204 124 207 148 167 203 158 158 161 154 168 175 
185 331 243 322 297 291 329 253 331 215 276 204 293 156 297 135 294 138 241 190 252 128 252 110 248 123 205 192 203 133 204 124 205 148 167 204 158 159 161 154 167 175 
185 331 243 322 297 291 328 254 331 216 273 202 291 156 295 135 293 134 239 188 250 131 251 111 246 120 204 189 203 136 203 122 203 140 166 201 155 159 156 147 161 156 
185 332 243 322 297 293 331 257 339 220 269 201 290 157 295 133 294 122 235 188 246 137 248 112 245 107 200 189 198 142 199 121 200 119 163 201 149 165 146 147 148 141 
185 331 243 319 298 290 332 256 341 221 267 199 287 155 293 130 295 114 232 186 242 136 245 107 247 90 197 188 194 140 197 115 203 98 161 201 145 164 142 142 146 123 
186 331 244 319 298 289 332 256 343 221 266 198 284 153 290 127 292 108 230 185 239 132 243 101 245 79 195 187 191 137 193 109 199 86 159 201 144 162 139 137 140 113 
186 331 245 318 300 288 335 256 349 221 265 197 283 151 289 124 291 101 229 184 238 129 243 96 246 69 193 187 190 136 192 105 195 78 158 201 143 162 137 135 135 109 
188 332 247 318 302 287 337 254 354 221 265 196 283 149 290 119 293 94 228 184 236 126 241 91 244 61 192 187 188 134 189 102 192 73 157 202 142 162 135 134 133 107 
189 331 248 317 302 287 337 253 354 220 265 197 284 149 290 120 294 94 228 184 236 126 241 91 244 62 192 187 188 134 189 102 192 73 158 202 142 161 134 134 131 106 
206 336 264 319 320 289 354 255 369 220 281 199 297 151 302 122 307 97 244 187 250 131 254 98 259 72 208 190 202 139 206 110 215 87 172 204 157 165 156 141 161 121 
212 337 271 321 325 291 359 256 374 221 285 199 303 152 309 124 313 101 248 188 255 132 259 100 265 78 213 191 206 141 209 114 218 96 178 206 163 167 161 145 169 128 
218 339 277 324 331 293 365 258 379 222 291 200 309 154 315 126 319 104 254 189 261 134 265 103 269 85 219 192 212 143 215 118 223 107 184 207 170 168 170 147 178 135 
217 338 276 323 331 291 364 255 380 221 290 200 309 153 315 126 319 105 254 189 260 134 265 103 271 85 219 192 212 143 215 119 224 107 184 206 169 166 169 145 178 133 
247 346 305 329 360 298 395 266 412 236 320 204 338 157 346 129 352 112 283 191 286 137 292 108 299 101 248 195 242 143 246 123 257 125 212 209 196 168 199 150 211 150 
255 349 314 333 370 303 405 273 426 243 329 206 348 158 356 131 364 110 292 194 297 139 304 109 313 93 256 198 248 147 253 123 265 112 221 214 205 173 205 152 215 139 
265 349 323 334 380 306 418 279 443 252 340 207 361 160 370 131 380 106 302 196 308 138 315 104 325 79 266 200 259 147 265 119 278 97 231 216 214 176 212 152 219 130 
273 350 333 336 390 308 429 282 456 258 349 210 371 161 383 130 394 103 310 197 319 135 327 100 335 71 274 201 269 144 274 112 284 84 239 218 222 175 216 148 217 120 
283 353 344 343 402 318 448 297 485 282 367 213 396 162 411 128 424 98 329 199 341 134 351 93 360 57 292 202 286 141 286 101 289 63 257 219 236 176 223 146 214 114 
288 353 348 343 407 321 453 301 490 288 371 216 401 161 417 127 429 95 331 201 345 134 355 91 361 55 294 204 289 142 289 100 290 63 259 221 238 176 226 145 218 114 
290 355 350 345 408 323 455 304 494 292 373 216 404 162 420 128 433 97 334 201 349 134 359 92 365 56 296 204 291 142 290 100 291 63 260 222 238 176 226 146 219 114 
289 356 351 345 408 323 455 304 493 293 373 217 404 162 420 127 434 96 333 202 348 135 357 92 365 56 295 205 291 143 290 101 291 64 260 222 239 177 226 146 218 115 
289 356 351 346 409 324 456 306 496 296 374 219 404 164 421 129 434 98 334 203 350 136 360 93 367 56 296 206 292 143 291 101 292 63 260 223 239 178 226 147 218 115 
283 359 346 349 405 327 450 309 487 297 369 222 398 168 414 136 429 106 329 207 341 143 352 104 361 71 290 210 287 152 289 116 294 82 254 228 237 185 228 157 223 128 
284 361 345 349 403 327 446 306 479 290 368 222 396 173 410 145 424 120 328 208 338 148 347 114 358 88 290 212 284 159 289 130 300 105 253 228 237 189 232 165 234 143 
281 362 342 351 400 328 441 306 471 288 367 221 395 176 407 150 417 131 328 207 337 150 344 121 352 105 291 210 285 161 289 137 299 126 254 226 238 188 235 167 241 155 
282 361 342 351 400 328 441 306 471 287 367 220 395 175 407 148 417 130 328 206 337 149 344 119 352 104 291 210 286 159 289 135 299 125 255 226 239 188 236 167 242 156 
280 360 340 352 395 330 430 306 444 278 366 224 389 181 399 160 404 158 329 207 337 145 341 124 343 139 293 210 285 152 290 143 299 165 254 224 240 179 246 167 259 181 
277 358 338 351 395 330 430 305 441 278 365 224 388 181 397 159 398 157 329 207 339 145 344 123 342 137 292 210 286 152 291 142 299 164 254 225 238 179 245 168 258 183 
277 358 338 351 394 330 430 307 440 280 364 224 387 182 397 160 399 157 328 208 338 146 343 124 343 138 292 210 285 152 291 143 299 165 254 225 239 178 245 168 258 184 
276 358 337 352 394 330 429 307 440 279 364 224 386 181 395 160 397 159 328 208 338 145 342 124 341 139 291 210 285 152 291 142 299 166 253 224 238 178 245 167 258 183 
275 358 335 352 391 330 426 307 438 280 362 224 385 182 394 160 396 160 326 208 336 145 341 124 340 140 290 210 283 152 290 142 298 165 252 224 238 177 244 166 256 181 
274 357 334 352 389 329 424 306 437 280 361 223 384 180 393 159 395 158 325 206 333 144 338 123 338 137 288 209 282 151 289 140 297 162 251 224 236 177 241 165 253 180 
274 356 333 351 389 328 424 305 438 278 360 221 382 178 391 156 395 153 323 205 331 145 336 123 337 136 287 208 281 152 287 139 295 159 250 223 233 177 238 163 250 175 
271 350 330 343 384 322 423 300 452 282 355 219 385 170 400 139 413 111 316 204 328 142 338 105 346 75 278 205 276 150 281 117 288 87 243 220 226 179 218 151 215 122 
271 351 329 343 384 322 423 301 453 283 355 219 384 170 399 139 412 112 316 204 329 142 339 106 348 77 279 205 276 151 281 117 288 88 243 221 226 178 217 150 214 122 
270 350 328 343 383 322 424 302 457 288 354 218 383 168 399 136 411 106 315 202 329 138 340 100 349 67 278 204 275 146 278 108 282 74 242 220 222 177 210 148 204 118 
269 350 328 343 382 322 425 304 462 295 352 218 382 166 399 133 412 102 314 201 330 136 341 95 349 60 276 203 274 142 275 102 278 66 241 220 219 176 207 146 199 115 
268 350 326 341 380 321 423 305 462 301 351 216 383 163 400 128 413 97 312 200 330 133 341 90 348 54 274 202 270 139 269 97 270 60 238 220 215 175 202 145 193 115 
266 349 324 341 379 321 423 305 462 300 351 216 383 164 400 129 414 98 312 200 330 133 341 90 349 54 274 202 270 140 270 98 272 61 237 219 215 175 203 146 194 116 
266 348 324 341 379 321 422 306 461 300 351 216 383 164 400 129 414 98 312 200 329 133 341 91 349 55 274 202 270 140 270 98 272 61 237 219 215 175 203 146 195 116 
266 349 324 341 379 321 421 304 458 298 350 218 381 166 398 133 413 102 311 201 328 135 340 93 348 58 273 203 269 142 270 102 273 65 237 220 216 177 205 148 199 118 
266 350 324 342 379 320 417 298 438 274 351 217 376 176 387 153 395 139 314 201 323 144 330 114 337 103 277 203 272 149 275 128 284 125 240 218 224 178 220 159 226 153 
266 349 324 341 379 319 417 296 437 272 352 217 378 175 388 152 395 140 314 201 324 145 331 115 338 104 278 202 273 151 277 129 286 125 241 217 224 178 223 159 231 155 
267 349 324 341 379 319 414 294 430 269 351 216 376 175 386 153 392 145 315 199 323 144 330 116 336 113 279 201 274 148 279 129 290 134 242 215 226 173 227 157 238 160 
266 347 324 340 378 318 413 294 425 267 350 217 374 176 385 155 391 146 314 200 321 145 328 119 334 117 278 201 271 149 277 132 289 137 242 214 225 173 228 158 240 163 
265 346 323 339 378 318 412 294 422 266 350 216 374 175 384 154 389 147 314 200 322 144 328 119 332 120 278 202 272 149 277 133 287 141 241 215 225 173 227 159 239 165 
263 347 321 340 377 318 410 293 418 265 348 216 371 175 380 153 383 149 312 200 320 143 326 119 328 127 277 201 269 148 277 133 288 147 239 215 221 172 226 157 240 166 
263 347 321 340 377 318 410 293 417 266 348 216 371 175 380 153 384 148 312 200 320 142 326 118 327 126 276 202 270 147 275 132 285 147 239 216 222 173 225 158 237 167 
262 346 320 339 375 317 409 293 419 266 347 216 369 175 378 152 382 147 311 200 320 144 325 119 326 126 276 202 269 148 275 132 284 147 238 215 221 172 224 158 237 166 
261 346 320 339 376 316 410 291 426 265 346 215 368 174 377 152 381 144 310 199 318 145 322 120 323 122 275 201 268 149 272 132 280 141 238 215 221 174 221 158 231 162 
261 344 318 336 371 317 410 297 441 280 344 214 372 167 387 137 398 109 305 199 318 139 328 103 336 73 269 201 265 146 269 112 274 81 234 216 214 174 203 145 198 117 
260 345 317 338 371 317 411 298 443 284 343 215 373 165 389 132 401 102 305 199 319 134 328 94 335 60 268 200 264 141 265 101 267 66 233 216 211 173 198 144 190 114 
259 345 316 339 370 318 411 299 445 286 343 215 373 163 389 128 402 97 304 198 319 131 328 90 334 54 267 200 262 139 262 98 263 61 231 217 209 173 195 143 187 114 
258 345 315 338 369 319 411 300 445 289 342 215 373 162 389 127 402 96 304 198 319 131 328 89 335 53 266 200 260 138 259 97 260 60 230 216 207 172 194 144 185 115 
257 347 315 339 370 319 412 301 446 290 341 214 372 161 388 127 401 95 303 198 318 130 328 88 333 52 265 199 259 138 257 97 257 59 229 216 206 173 193 144 183 115 
257 347 315 339 370 320 412 302 445 291 340 216 370 163 386 129 400 98 302 199 318 133 328 91 336 55 264 202 258 140 257 99 258 62 228 218 205 175 192 146 184 117 
257 348 315 340 370 320 411 302 444 289 340 216 369 165 385 132 398 102 301 200 316 135 327 95 335 60 263 203 258 143 258 103 260 66 227 219 205 176 193 147 185 117 
256 348 314 340 369 320 411 301 444 287 339 217 368 166 383 135 396 106 300 201 315 138 325 100 333 68 262 204 257 146 257 109 261 76 227 220 207 177 195 149 189 121 
255 350 314 341 369 320 409 300 442 285 339 217 366 169 380 140 391 114 300 203 313 141 322 107 330 79 262 205 256 151 259 119 265 91 227 221 209 180 200 154 196 127 
256 352 313 341 367 320 405 299 434 279 339 218 365 172 376 146 386 123 300 203 311 146 318 115 326 92 262 206 256 156 260 129 269 107 226 222 210 184 203 160 204 137 
254 350 311 344 366 323 401 298 405 269 340 220 363 178 372 156 376 149 303 203 311 148 316 123 320 126 267 204 259 153 263 134 272 141 228 218 212 176 213 161 223 166 
252 349 311 344 367 323 399 297 396 268 339 221 363 178 371 156 372 154 303 204 313 145 318 121 319 130 267 205 260 150 264 135 273 150 229 219 212 176 214 162 225 171 
252 348 310 344 367 322 399 295 392 269 339 221 362 176 370 154 370 156 303 204 315 142 320 119 317 136 267 206 260 147 264 134 271 155 229 221 211 175 214 163 225 176 
253 349 310 344 366 322 398 296 393 268 339 221 362 175 369 154 368 159 303 204 314 141 319 120 316 137 267 206 260 147 265 135 272 157 228 221 211 174 215 164 227 180 
253 349 309 344 365 322 396 296 393 268 338 219 359 173 365 152 364 159 301 203 312 139 316 120 313 141 265 206 258 146 263 135 270 158 227 220 209 173 213 162 224 178 
252 350 309 344 364 321 397 297 399 268 337 220 358 174 365 152 364 155 300 204 310 141 313 120 310 137 264 206 258 149 262 134 267 153 226 222 209 176 211 162 220 173 
250 351 309 343 364 321 398 297 407 270 335 219 357 177 365 154 367 146 299 203 309 147 312 123 311 127 263 205 258 154 260 133 265 138 225 220 208 180 206 162 212 161 
251 352 309 343 362 322 396 299 417 275 334 218 358 175 368 151 374 134 296 204 306 151 310 124 314 110 260 207 255 159 257 136 264 123 224 222 208 184 201 160 201 141 
251 350 309 343 362 321 398 298 424 279 333 219 359 172 372 143 382 117 294 204 306 145 314 112 321 84 257 206 251 153 253 119 256 89 222 221 203 180 192 152 185 123 
243 352 302 344 355 325 398 308 436 301 326 219 357 165 373 131 385 99 287 202 302 135 310 91 315 53 249 203 241 140 236 97 233 60 212 221 188 177 173 149 162 120 
243 352 300 344 354 325 397 310 436 305 325 218 356 164 372 129 385 97 286 201 302 134 311 91 316 55 248 204 238 142 234 100 232 63 212 222 187 180 172 152 161 123 
243 353 300 344 354 324 397 310 437 307 324 218 355 164 371 129 383 97 285 202 301 134 310 91 315 55 247 204 238 142 233 101 231 64 211 222 186 180 171 151 160 123 
242 352 299 343 353 324 398 311 437 309 324 218 355 164 372 129 384 98 285 201 302 134 311 91 317 55 247 204 239 142 235 100 233 63 211 222 186 180 171 152 160 123 
242 353 299 344 353 324 398 311 438 311 324 217 355 164 372 129 385 98 285 201 302 134 311 91 317 55 247 203 239 142 235 100 233 63 211 221 186 180 171 151 160 123 
244 353 301 345 355 326 396 308 433 297 325 219 356 165 373 131 387 99 286 203 302 135 312 93 320 56 248 205 241 144 239 103 239 65 212 223 188 181 175 153 166 124 
244 353 302 345 354 327 389 307 420 288 326 221 356 168 372 135 385 104 287 204 302 139 312 99 320 64 249 207 240 149 240 111 242 77 213 225 193 186 181 159 175 132 
244 351 302 346 354 330 386 309 398 285 328 222 357 172 371 140 383 112 290 205 303 144 313 107 320 79 252 207 244 157 245 127 249 105 214 224 197 189 190 169 190 152 
244 352 302 347 355 327 386 303 378 279 329 223 354 179 365 155 369 144 292 206 305 148 310 122 308 127 255 207 249 149 254 137 261 153 216 222 197 177 200 168 211 185 
242 352 300 348 355 327 385 303 375 278 329 223 354 178 364 155 365 150 293 206 306 146 311 120 309 131 256 208 249 149 254 137 261 156 217 224 198 179 201 170 212 186 
242 351 301 347 355 325 385 299 370 276 329 223 353 178 363 155 363 152 292 206 306 145 312 120 309 131 255 208 249 148 254 138 261 160 217 224 199 178 201 169 212 186 
243 351 300 348 353 325 383 300 369 278 328 223 352 176 361 154 361 156 291 206 305 144 310 120 307 136 254 208 248 149 253 138 260 160 216 224 199 178 201 170 212 187 
243 351 299 348 351 325 380 302 371 280 328 222 352 173 360 153 359 159 291 206 304 143 309 121 307 139 254 208 247 148 253 138 261 160 216 224 198 179 201 170 212 187 
241 351 298 348 350 326 377 301 368 276 327 223 350 173 358 153 357 160 290 206 303 143 308 122 305 141 253 209 247 149 251 137 258 160 214 224 197 178 199 169 211 186 
240 351 297 347 349 325 380 300 375 275 326 223 350 177 358 155 358 154 290 206 302 147 307 123 305 134 254 208 247 150 252 139 260 159 215 223 197 178 200 169 212 186 
239 353 296 346 349 325 383 301 384 275 324 222 347 180 356 157 359 147 289 206 301 151 305 125 302 128 252 208 247 156 248 137 250 144 215 223 196 182 194 167 199 172 
241 355 299 349 349 329 388 309 421 296 321 221 351 168 367 135 379 103 283 204 295 138 303 95 308 59 245 206 238 143 235 101 233 65 209 224 184 180 168 152 156 124 
238 355 296 349 350 330 391 313 428 307 321 221 351 167 366 132 377 99 282 203 295 135 301 93 304 58 244 205 237 143 233 102 230 66 208 224 183 181 167 153 155 125 
237 355 296 348 351 330 394 316 432 313 322 219 351 165 366 130 376 99 282 202 294 135 299 93 301 60 244 205 236 143 231 103 228 67 208 223 181 183 165 155 153 128 
238 356 298 349 352 330 396 317 434 314 321 218 351 163 365 129 377 98 281 202 292 135 297 94 300 60 243 205 234 144 229 104 226 68 207 224 180 184 164 157 152 130 
238 357 297 349 352 330 396 317 433 314 321 218 351 164 365 130 376 99 281 202 292 135 297 93 299 60 243 205 233 144 228 104 224 68 207 224 180 184 163 157 151 131 
238 358 297 349 352 330 396 316 434 313 319 221 351 167 369 133 383 102 280 205 295 138 304 95 309 60 242 209 231 146 227 104 224 67 206 228 180 187 164 159 153 131 
239 358 298 348 352 330 393 313 430 305 319 222 352 168 369 135 383 105 279 206 293 139 303 98 309 63 241 209 230 148 226 108 224 71 206 228 181 189 166 162 156 135 
239 357 298 348 352 328 391 311 425 298 320 221 351 170 367 139 380 111 280 205 292 141 302 102 308 70 242 209 231 152 227 115 227 81 207 228 185 192 172 167 165 141 
238 356 298 348 352 328 390 308 422 293 319 221 350 174 366 146 377 121 280 205 292 144 302 108 309 80 242 209 232 156 232 125 236 98 207 227 186 193 178 172 176 151 
240 358 299 349 353 328 390 306 419 288 321 220 350 175 364 150 373 131 281 204 290 144 297 113 304 95 243 208 231 158 233 131 242 114 207 226 185 191 179 172 183 160 
240 358 298 348 352 323 388 300 407 277 319 216 346 175 356 153 360 147 280 201 286 143 290 116 290 120 244 205 230 152 233 132 243 137 206 223 182 184 182 172 194 182 
239 357 298 348 351 323 386 299 403 275 319 216 344 174 354 153 356 149 280 201 285 143 289 117 288 122 244 206 232 151 234 134 243 142 207 225 185 187 185 177 194 187 
240 357 298 348 350 323 384 300 398 275 318 216 345 171 353 150 352 154 279 201 284 139 288 114 288 128 242 207 228 150 233 136 244 151 206 227 184 188 185 177 197 190 
238 354 298 346 352 321 387 298 386 274 320 218 344 170 350 150 346 160 281 203 287 137 290 118 287 142 245 209 231 148 236 142 244 168 208 229 188 189 190 182 202 198 
240 355 301 345 353 323 387 299 381 274 319 219 342 170 348 150 345 160 281 205 286 138 289 119 288 140 245 211 231 152 236 145 247 171 207 231 189 190 192 183 205 201 
240 356 301 346 353 323 386 298 378 273 319 219 342 169 347 151 342 162 280 205 287 138 290 119 288 142 244 211 230 152 236 145 247 171 207 231 187 190 191 182 205 199 
239 356 300 346 352 323 385 299 378 274 319 220 341 170 346 150 341 162 280 205 287 138 289 119 287 142 244 211 229 152 235 145 246 169 206 231 186 191 189 183 203 201 
239 355 299 346 351 324 385 300 377 276 318 220 340 170 346 151 341 162 279 206 287 139 290 119 287 142 243 212 229 153 234 145 245 169 206 231 186 192 188 183 200 200 
237 356 298 348 349 326 383 302 377 278 318 221 341 171 346 152 341 162 279 206 286 140 289 120 286 142 242 213 228 153 233 145 243 171 204 232 184 192 187 184 199 201 
236 356 297 348 348 326 383 304 378 280 317 221 340 172 345 152 340 162 277 206 286 140 289 120 285 143 241 212 227 153 233 145 242 170 203 232 183 192 186 185 197 202 
236 356 296 347 347 326 383 304 377 282 316 221 340 172 345 152 341 162 277 206 285 139 288 119 285 143 240 212 226 153 231 145 241 170 202 232 182 193 184 185 196 202 
236 357 296 348 345 326 379 306 380 286 314 218 339 171 345 150 343 157 274 204 275 136 277 120 277 145 238 212 221 153 227 149 239 176 202 233 181 193 183 185 194 201 
236 358 296 348 346 327 380 308 383 287 314 217 338 169 345 149 344 159 273 204 274 136 276 119 277 142 237 211 220 152 226 147 238 174 201 232 179 192 182 186 194 204 
234 359 294 350 344 329 379 311 383 291 312 218 336 170 343 150 343 159 271 205 272 138 275 120 276 142 235 213 218 154 224 148 235 174 199 234 177 194 178 188 189 205 
234 359 294 350 344 329 377 309 382 288 312 218 336 170 344 150 344 158 272 205 273 137 275 119 275 142 235 212 218 153 223 148 235 174 199 234 176 194 177 188 190 205 
233 360 292 351 343 330 377 311 384 291 312 218 337 170 344 149 344 159 272 205 274 137 276 118 275 141 235 212 217 153 222 146 234 171 198 233 175 193 177 187 189 204 
233 360 292 351 343 330 375 311 385 291 312 218 336 169 344 148 344 160 271 204 273 137 276 116 276 138 234 211 216 153 222 143 233 166 198 232 174 193 175 186 187 202 
234 359 292 350 342 328 374 308 388 288 310 217 332 166 339 146 340 157 269 202 272 136 275 114 275 135 233 209 215 151 219 138 230 158 197 230 170 191 169 179 181 191 
231 357 289 348 340 326 372 307 392 289 309 216 331 168 339 146 340 153 269 201 273 138 275 114 274 131 232 207 217 148 220 136 230 154 197 227 171 189 171 180 182 194 
232 357 290 347 342 324 376 305 397 288 308 214 330 167 339 145 340 152 268 200 271 137 274 113 274 131 231 207 215 148 218 135 228 154 196 227 170 187 169 176 179 189 
230 357 289 348 343 323 378 303 403 288 308 215 330 169 338 148 341 150 268 201 272 139 275 115 275 129 232 206 217 149 219 135 228 150 197 226 171 187 169 177 179 189 
231 358 289 349 341 324 378 303 405 289 308 214 330 171 339 149 343 145 269 200 272 140 275 115 275 125 233 206 217 151 219 135 228 145 198 225 172 187 170 177 179 187 
230 359 288 349 341 325 379 304 409 291 307 214 332 170 343 148 350 138 268 200 271 142 276 117 279 115 232 206 215 156 216 134 224 130 197 224 171 189 167 178 175 180 
229 359 288 350 341 327 379 306 409 291 306 215 334 170 347 144 355 129 267 201 271 140 276 113 282 108 231 206 214 155 216 132 225 126 196 224 169 189 167 176 175 178 
228 359 287 349 341 327 379 306 410 292 306 214 334 169 347 143 355 127 267 201 270 140 276 113 282 106 230 206 213 156 215 131 223 123 196 224 168 189 164 176 172 176 
228 358 288 348 341 326 380 305 412 291 306 215 336 167 350 139 361 115 265 202 272 142 278 110 283 87 228 208 213 157 210 127 213 102 195 227 169 196 159 177 155 161 
228 357 288 347 341 325 380 305 411 292 305 217 337 167 352 138 363 112 265 204 273 143 280 109 283 83 228 209 212 158 209 125 209 96 194 229 169 198 156 176 149 155 
229 358 288 347 341 325 380 305 411 291 305 218 336 167 351 137 363 110 264 204 272 143 279 108 283 81 227 210 211 158 207 124 206 92 193 230 167 197 152 174 142 151 
228 359 289 348 341 326 381 305 412 291 305 217 336 167 352 136 364 109 264 204 272 142 278 108 281 80 226 209 210 157 206 123 204 91 192 229 164 193 147 169 135 143 
226 359 287 349 341 326 381 305 413 292 304 217 336 166 353 135 365 107 263 204 271 141 277 106 280 78 226 209 210 156 206 122 204 90 191 228 164 192 146 167 132 142 
227 360 287 349 341 327 381 306 415 294 303 219 335 167 351 134 364 105 262 205 270 140 276 102 279 70 224 210 208 154 202 117 199 83 190 229 160 192 140 167 126 140 
225 360 286 349 340 326 381 304 415 292 302 218 334 165 351 133 364 104 261 204 268 139 274 101 278 70 223 209 207 154 201 118 198 84 190 229 160 193 140 168 126 143 
226 360 286 349 340 325 381 304 416 292 302 217 332 164 349 133 361 104 260 204 267 139 273 101 275 70 223 209 206 154 200 117 196 83 189 229 159 193 139 168 125 143 
226 359 287 347 340 324 382 302 417 291 300 217 331 163 346 131 358 102 259 203 265 138 270 100 272 69 221 209 204 153 198 117 194 83 187 229 157 193 137 168 122 143 
226 359 286 348 340 324 381 301 416 290 300 216 330 163 345 130 357 100 258 203 264 138 269 99 270 67 221 208 203 152 196 116 192 82 187 228 156 192 136 168 121 143 
226 359 286 348 339 324 381 302 417 291 300 216 329 162 344 128 354 98 258 203 264 137 267 97 268 64 220 209 202 151 194 113 188 78 187 229 155 193 134 169 119 143 
226 359 286 348 340 324 382 302 417 291 300 217 329 162 344 128 354 98 258 203 263 137 267 97 268 64 220 209 202 151 193 113 188 78 186 230 155 194 134 170 119 144 
225 359 285 348 339 324 381 302 416 291 300 217 329 162 343 128 354 98 257 203 263 137 267 98 267 65 220 209 202 152 194 114 189 80 186 229 155 193 134 170 119 145 
225 359 285 348 339 324 382 302 416 291 300 217 329 162 343 129 354 99 257 204 263 137 267 98 267 65 220 209 202 152 193 114 188 79 186 230 154 194 133 170 118 145 
225 360 285 349 339 325 381 302 416 291 299 217 328 162 343 128 353 98 257 204 262 137 266 97 266 64 220 209 201 152 192 114 187 79 186 230 154 194 132 170 117 146 
225 360 285 348 339 325 381 302 416 292 298 217 327 162 342 129 352 98 256 204 262 137 266 98 266 65 219 210 200 153 192 115 186 80 186 230 154 195 132 171 117 147 
224 360 285 349 338 325 381 302 416 291 298 217 327 162 342 128 352 98 256 204 262 137 266 97 266 64 219 210 200 153 191 115 186 80 185 230 153 195 131 171 116 147 
224 360 284 349 338 325 380 302 415 291 297 217 327 162 341 128 351 98 255 204 261 137 265 97 265 64 218 210 199 153 191 115 185 80 185 231 153 196 131 172 115 148 
224 361 284 349 338 325 380 302 416 292 297 218 326 163 341 129 351 98 255 204 261 138 264 98 265 65 218 210 199 153 191 115 185 81 184 231 152 196 131 172 116 148 
225 363 283 349 336 325 375 303 408 289 294 219 323 164 337 130 347 100 252 207 258 140 262 100 263 67 215 214 196 157 188 120 183 85 182 236 151 200 131 176 116 152 
223 365 281 352 333 328 368 305 397 289 292 223 319 168 333 133 343 101 251 211 257 144 261 103 262 69 213 218 196 161 189 123 184 88 180 239 152 203 133 179 119 154 
220 367 278 353 329 329 360 304 382 283 290 225 313 172 324 139 331 108 249 214 254 149 256 110 256 78 212 220 198 166 192 130 187 98 179 241 155 205 139 181 127 157 
217 367 273 353 323 328 351 300 362 274 285 228 303 180 308 151 311 125 247 218 250 161 251 128 250 99 211 224 203 176 200 148 198 120 178 242 160 210 149 189 142 167 
205 374 256 359 302 325 327 289 321 252 273 248 280 195 279 202 277 226 238 242 241 182 242 208 243 241 204 245 201 191 207 214 211 245 168 256 160 209 169 216 178 237 
199 379 251 363 298 328 322 292 313 258 266 258 273 206 272 227 269 253 232 253 238 198 240 237 240 269 198 256 200 202 209 239 212 272 163 264 158 218 169 234 178 257 
193 388 244 376 291 341 314 305 306 273 259 265 269 219 266 254 260 284 225 261 233 216 235 265 234 298 191 263 196 215 204 260 207 294 158 272 157 232 168 254 175 278 
195 405 244 391 291 355 311 317 295 286 257 279 268 237 265 281 258 310 224 275 233 233 236 288 234 318 190 278 195 237 205 285 205 314 155 287 159 253 172 280 176 302 
199 443 245 446 295 428 317 398 302 374 263 358 272 326 270 370 267 393 229 354 239 330 240 381 238 396 196 356 204 334 209 380 209 394 161 363 169 351 177 384 179 397 
-1 -1 -1 -1 -1 -1 -1 -1 -1 -1 -1 -1 -1 -1 -1 -1 -1 -1 -1 -1 -1 -1 -1 -1 -1 -1 -1 -1 -1 -1 -1 -1 -1 -1 -1 -1 -1 -1 -1 -1 -1 -1 
-1 -1 -1 -1 -1 -1 -1 -1 -1 -1 -1 -1 -1 -1 -1 -1 -1 -1 -1 -1 -1 -1 -1 -1 -1 -1 -1 -1 -1 -1 -1 -1 -1 -1 -1 -1 -1 -1 -1 -1 -1 -1 
-1 -1 -1 -1 -1 -1 -1 -1 -1 -1 -1 -1 -1 -1 -1 -1 -1 -1 -1 -1 -1 -1 -1 -1 -1 -1 -1 -1 -1 -1 -1 -1 -1 -1 -1 -1 -1 -1 -1 -1 -1 -1 
-1 -1 -1 -1 -1 -1 -1 -1 -1 -1 -1 -1 -1 -1 -1 -1 -1 -1 -1 -1 -1 -1 -1 -1 -1 -1 -1 -1 -1 -1 -1 -1 -1 -1 -1 -1 -1 -1 -1 -1 -1 -1 
-1 -1 -1 -1 -1 -1 -1 -1 -1 -1 -1 -1 -1 -1 -1 -1 -1 -1 -1 -1 -1 -1 -1 -1 -1 -1 -1 -1 -1 -1 -1 -1 -1 -1 -1 -1 -1 -1 -1 -1 -1 -1 
-1 -1 -1 -1 -1 -1 -1 -1 -1 -1 -1 -1 -1 -1 -1 -1 -1 -1 -1 -1 -1 -1 -1 -1 -1 -1 -1 -1 -1 -1 -1 -1 -1 -1 -1 -1 -1 -1 -1 -1 -1 -1 
-1 -1 -1 -1 -1 -1 -1 -1 -1 -1 -1 -1 -1 -1 -1 -1 -1 -1 -1 -1 -1 -1 -1 -1 -1 -1 -1 -1 -1 -1 -1 -1 -1 -1 -1 -1 -1 -1 -1 -1 -1 -1 
-1 -1 -1 -1 -1 -1 -1 -1 -1 -1 -1 -1 -1 -1 -1 -1 -1 -1 -1 -1 -1 -1 -1 -1 -1 -1 -1 -1 -1 -1 -1 -1 -1 -1 -1 -1 -1 -1 -1 -1 -1 -1 
-1 -1 -1 -1 -1 -1 -1 -1 -1 -1 -1 -1 -1 -1 -1 -1 -1 -1 -1 -1 -1 -1 -1 -1 -1 -1 -1 -1 -1 -1 -1 -1 -1 -1 -1 -1 -1 -1 -1 -1 -1 -1 
-1 -1 -1 -1 -1 -1 -1 -1 -1 -1 -1 -1 -1 -1 -1 -1 -1 -1 -1 -1 -1 -1 -1 -1 -1 -1 -1 -1 -1 -1 -1 -1 -1 -1 -1 -1 -1 -1 -1 -1 -1 -1 
-1 -1 -1 -1 -1 -1 -1 -1 -1 -1 -1 -1 -1 -1 -1 -1 -1 -1 -1 -1 -1 -1 -1 -1 -1 -1 -1 -1 -1 -1 -1 -1 -1 -1 -1 -1 -1 -1 -1 -1 -1 -1 
-1 -1 -1 -1 -1 -1 -1 -1 -1 -1 -1 -1 -1 -1 -1 -1 -1 -1 -1 -1 -1 -1 -1 -1 -1 -1 -1 -1 -1 -1 -1 -1 -1 -1 -1 -1 -1 -1 -1 -1 -1 -1 
-1 -1 -1 -1 -1 -1 -1 -1 -1 -1 -1 -1 -1 -1 -1 -1 -1 -1 -1 -1 -1 -1 -1 -1 -1 -1 -1 -1 -1 -1 -1 -1 -1 -1 -1 -1 -1 -1 -1 -1 -1 -1 
-1 -1 -1 -1 -1 -1 -1 -1 -1 -1 -1 -1 -1 -1 -1 -1 -1 -1 -1 -1 -1 -1 -1 -1 -1 -1 -1 -1 -1 -1 -1 -1 -1 -1 -1 -1 -1 -1 -1 -1 -1 -1 
-1 -1 -1 -1 -1 -1 -1 -1 -1 -1 -1 -1 -1 -1 -1 -1 -1 -1 -1 -1 -1 -1 -1 -1 -1 -1 -1 -1 -1 -1 -1 -1 -1 -1 -1 -1 -1 -1 -1 -1 -1 -1 
-1 -1 -1 -1 -1 -1 -1 -1 -1 -1 -1 -1 -1 -1 -1 -1 -1 -1 -1 -1 -1 -1 -1 -1 -1 -1 -1 -1 -1 -1 -1 -1 -1 -1 -1 -1 -1 -1 -1 -1 -1 -1 
-1 -1 -1 -1 -1 -1 -1 -1 -1 -1 -1 -1 -1 -1 -1 -1 -1 -1 -1 -1 -1 -1 -1 -1 -1 -1 -1 -1 -1 -1 -1 -1 -1 -1 -1 -1 -1 -1 -1 -1 -1 -1 
-1 -1 -1 -1 -1 -1 -1 -1 -1 -1 -1 -1 -1 -1 -1 -1 -1 -1 -1 -1 -1 -1 -1 -1 -1 -1 -1 -1 -1 -1 -1 -1 -1 -1 -1 -1 -1 -1 -1 -1 -1 -1 
-1 -1 -1 -1 -1 -1 -1 -1 -1 -1 -1 -1 -1 -1 -1 -1 -1 -1 -1 -1 -1 -1 -1 -1 -1 -1 -1 -1 -1 -1 -1 -1 -1 -1 -1 -1 -1 -1 -1 -1 -1 -1 
-1 -1 -1 -1 -1 -1 -1 -1 -1 -1 -1 -1 -1 -1 -1 -1 -1 -1 -1 -1 -1 -1 -1 -1 -1 -1 -1 -1 -1 -1 -1 -1 -1 -1 -1 -1 -1 -1 -1 -1 -1 -1 
-1 -1 -1 -1 -1 -1 -1 -1 -1 -1 -1 -1 -1 -1 -1 -1 -1 -1 -1 -1 -1 -1 -1 -1 -1 -1 -1 -1 -1 -1 -1 -1 -1 -1 -1 -1 -1 -1 -1 -1 -1 -1 
-1 -1 -1 -1 -1 -1 -1 -1 -1 -1 -1 -1 -1 -1 -1 -1 -1 -1 -1 -1 -1 -1 -1 -1 -1 -1 -1 -1 -1 -1 -1 -1 -1 -1 -1 -1 -1 -1 -1 -1 -1 -1 
-1 -1 -1 -1 -1 -1 -1 -1 -1 -1 -1 -1 -1 -1 -1 -1 -1 -1 -1 -1 -1 -1 -1 -1 -1 -1 -1 -1 -1 -1 -1 -1 -1 -1 -1 -1 -1 -1 -1 -1 -1 -1 
-1 -1 -1 -1 -1 -1 -1 -1 -1 -1 -1 -1 -1 -1 -1 -1 -1 -1 -1 -1 -1 -1 -1 -1 -1 -1 -1 -1 -1 -1 -1 -1 -1 -1 -1 -1 -1 -1 -1 -1 -1 -1 
-1 -1 -1 -1 -1 -1 -1 -1 -1 -1 -1 -1 -1 -1 -1 -1 -1 -1 -1 -1 -1 -1 -1 -1 -1 -1 -1 -1 -1 -1 -1 -1 -1 -1 -1 -1 -1 -1 -1 -1 -1 -1 
-1 -1 -1 -1 -1 -1 -1 -1 -1 -1 -1 -1 -1 -1 -1 -1 -1 -1 -1 -1 -1 -1 -1 -1 -1 -1 -1 -1 -1 -1 -1 -1 -1 -1 -1 -1 -1 -1 -1 -1 -1 -1 
-1 -1 -1 -1 -1 -1 -1 -1 -1 -1 -1 -1 -1 -1 -1 -1 -1 -1 -1 -1 -1 -1 -1 -1 -1 -1 -1 -1 -1 -1 -1 -1 -1 -1 -1 -1 -1 -1 -1 -1 -1 -1 
